time,SMA
2024-09-30 19:59,220.7617
2024-09-30 19:53,220.7730
2024-09-30 19:49,220.7550
2024-09-30 19:34,220.7647
2024-09-30 19:26,220.7684
2024-09-30 19:12,220.7684
2024-09-30 19:03,220.7684
2024-09-30 19:02,220.7795
2024-09-30 19:01,220.7905
2024-09-30 19:00,220.8015
2024-09-30 18:59,220.8015
2024-09-30 18:58,220.8117
2024-09-30 18:53,220.8234
2024-09-30 18:51,220.8359
2024-09-30 18:50,220.8474
2024-09-30 18:49,220.8579
2024-09-30 18:48,220.8579
2024-09-30 18:45,220.8664
2024-09-30 18:44,220.8767
2024-09-30 18:43,220.8856
2024-09-30 18:41,220.8936
2024-09-30 18:40,220.8981
2024-09-30 18:39,220.9042
2024-09-30 18:30,220.9095
2024-09-30 18:22,220.9144
2024-09-30 18:21,220.9060
2024-09-30 18:11,220.8966
2024-09-30 18:04,220.8934
2024-09-30 18:03,220.8850
2024-09-30 18:00,220.8722
2024-09-30 17:57,220.8587
2024-09-30 17:52,220.8596
2024-09-30 17:51,220.8461
2024-09-30 17:49,220.8297
2024-09-30 17:47,220.8162
2024-09-30 17:42,220.7987
2024-09-30 17:39,220.7791
2024-09-30 17:38,220.7621
2024-09-30 17:31,220.7436
2024-09-30 17:29,220.7249
2024-09-30 17:27,220.7046
2024-09-30 17:26,220.6846
2024-09-30 17:06,220.6632
2024-09-30 17:05,220.6606
2024-09-30 16:56,220.6586
2024-09-30 16:51,220.6373
2024-09-30 16:50,220.6045
2024-09-30 16:48,220.5718
2024-09-30 16:44,220.5534
2024-09-30 16:41,220.5331
2024-09-30 16:39,220.5172
2024-09-30 16:34,220.4856
2024-09-30 16:32,220.4812
2024-09-30 16:29,220.4460
2024-09-30 16:28,220.4109
2024-09-30 16:26,220.4039
2024-09-30 16:20,220.3964
2024-09-30 16:18,220.3713
2024-09-30 16:16,220.3626
2024-09-30 16:15,220.3381
2024-09-30 16:12,220.3154
2024-09-30 16:10,220.2920
2024-09-30 16:09,220.2875
2024-09-30 16:06,220.2651
2024-09-30 16:05,220.2423
2024-09-30 16:04,220.2183
2024-09-30 16:03,220.1928
2024-09-30 16:02,220.1668
2024-09-30 16:01,220.1402
2024-09-30 16:00,220.1126
2024-09-30 15:59,220.0863
2024-09-30 15:58,220.0631
2024-09-30 15:57,220.0378
2024-09-30 15:56,220.0136
2024-09-30 15:55,219.9913
2024-09-30 15:54,219.9714
2024-09-30 15:53,219.9543
2024-09-30 15:52,219.9359
2024-09-30 15:51,219.9163
2024-09-30 15:50,219.8994
2024-09-30 15:49,219.8849
2024-09-30 15:48,219.8734
2024-09-30 15:47,219.8585
2024-09-30 15:46,219.8446
2024-09-30 15:45,219.8310
2024-09-30 15:44,219.8167
2024-09-30 15:43,219.8025
2024-09-30 15:42,219.7890
2024-09-30 15:41,219.7766
2024-09-30 15:40,219.7657
2024-09-30 15:39,219.7565
2024-09-30 15:38,219.7445
2024-09-30 15:37,219.7337
2024-09-30 15:36,219.7271
2024-09-30 15:35,219.7177
2024-09-30 15:34,219.7136
2024-09-30 15:33,219.7077
2024-09-30 15:32,219.6982
2024-09-30 15:31,219.6911
2024-09-30 15:30,219.6842
2024-09-30 15:29,219.6758
2024-09-30 15:28,219.6708
2024-09-30 15:27,219.6610
2024-09-30 15:26,219.6485
2024-09-30 15:25,219.6354
2024-09-30 15:24,219.6264
2024-09-30 15:23,219.6154
2024-09-30 15:22,219.6031
2024-09-30 15:21,219.5912
2024-09-30 15:20,219.5854
2024-09-30 15:19,219.5814
2024-09-30 15:18,219.5772
2024-09-30 15:17,219.5748
2024-09-30 15:16,219.5754
2024-09-30 15:15,219.5791
2024-09-30 15:14,219.5823
2024-09-30 15:13,219.5882
2024-09-30 15:12,219.5953
2024-09-30 15:11,219.6058
2024-09-30 15:10,219.6131
2024-09-30 15:09,219.6216
2024-09-30 15:08,219.6293
2024-09-30 15:07,219.6353
2024-09-30 15:06,219.6414
2024-09-30 15:05,219.6493
2024-09-30 15:04,219.6592
2024-09-30 15:03,219.6707
2024-09-30 15:02,219.6811
2024-09-30 15:01,219.6890
2024-09-30 15:00,219.6988
2024-09-30 14:59,219.7064
2024-09-30 14:58,219.7108
2024-09-30 14:57,219.7160
2024-09-30 14:56,219.7166
2024-09-30 14:55,219.7155
2024-09-30 14:54,219.7158
2024-09-30 14:53,219.7147
2024-09-30 14:52,219.7156
2024-09-30 14:51,219.7159
2024-09-30 14:50,219.7165
2024-09-30 14:49,219.7153
2024-09-30 14:48,219.7154
2024-09-30 14:47,219.7165
2024-09-30 14:46,219.7176
2024-09-30 14:45,219.7210
2024-09-30 14:44,219.7270
2024-09-30 14:43,219.7355
2024-09-30 14:42,219.7447
2024-09-30 14:41,219.7535
2024-09-30 14:40,219.7625
2024-09-30 14:39,219.7704
2024-09-30 14:38,219.7817
2024-09-30 14:37,219.7918
2024-09-30 14:36,219.8000
2024-09-30 14:35,219.8077
2024-09-30 14:34,219.8112
2024-09-30 14:33,219.8183
2024-09-30 14:32,219.8298
2024-09-30 14:31,219.8403
2024-09-30 14:30,219.8483
2024-09-30 14:29,219.8588
2024-09-30 14:28,219.8660
2024-09-30 14:27,219.8792
2024-09-30 14:26,219.8946
2024-09-30 14:25,219.9102
2024-09-30 14:24,219.9231
2024-09-30 14:23,219.9397
2024-09-30 14:22,219.9556
2024-09-30 14:21,219.9702
2024-09-30 14:20,219.9796
2024-09-30 14:19,219.9887
2024-09-30 14:18,219.9970
2024-09-30 14:17,220.0041
2024-09-30 14:16,220.0092
2024-09-30 14:15,220.0108
2024-09-30 14:14,220.0130
2024-09-30 14:13,220.0129
2024-09-30 14:12,220.0115
2024-09-30 14:11,220.0080
2024-09-30 14:10,220.0077
2024-09-30 14:09,220.0067
2024-09-30 14:08,220.0051
2024-09-30 14:07,220.0053
2024-09-30 14:06,220.0055
2024-09-30 14:05,220.0043
2024-09-30 14:04,220.0035
2024-09-30 14:03,220.0026
2024-09-30 14:02,220.0020
2024-09-30 14:01,220.0049
2024-09-30 14:00,220.0062
2024-09-30 13:59,220.0092
2024-09-30 13:58,220.0127
2024-09-30 13:57,220.0158
2024-09-30 13:56,220.0221
2024-09-30 13:55,220.0289
2024-09-30 13:54,220.0331
2024-09-30 13:53,220.0372
2024-09-30 13:52,220.0404
2024-09-30 13:51,220.0444
2024-09-30 13:50,220.0475
2024-09-30 13:49,220.0509
2024-09-30 13:48,220.0541
2024-09-30 13:47,220.0565
2024-09-30 13:46,220.0600
2024-09-30 13:45,220.0616
2024-09-30 13:44,220.0600
2024-09-30 13:43,220.0570
2024-09-30 13:42,220.0549
2024-09-30 13:41,220.0530
2024-09-30 13:40,220.0510
2024-09-30 13:39,220.0492
2024-09-30 13:38,220.0482
2024-09-30 13:37,220.0467
2024-09-30 13:36,220.0470
2024-09-30 13:35,220.0478
2024-09-30 13:34,220.0480
2024-09-30 13:33,220.0495
2024-09-30 13:32,220.0462
2024-09-30 13:31,220.0430
2024-09-30 13:30,220.0437
2024-09-30 13:29,220.0431
2024-09-30 13:28,220.0427
2024-09-30 13:26,220.0416
2024-09-30 13:25,220.0396
2024-09-30 13:24,220.0383
2024-09-30 13:23,220.0368
2024-09-30 13:22,220.0359
2024-09-30 13:21,220.0383
2024-09-30 13:20,220.0381
2024-09-30 13:19,220.0396
2024-09-30 13:18,220.0398
2024-09-30 13:17,220.0427
2024-09-30 13:16,220.0469
2024-09-30 13:15,220.0518
2024-09-30 13:14,220.0574
2024-09-30 13:13,220.0633
2024-09-30 13:12,220.0700
2024-09-30 13:11,220.0756
2024-09-30 13:10,220.0831
2024-09-30 13:09,220.0911
2024-09-30 13:08,220.1000
2024-09-30 13:07,220.1093
2024-09-30 13:06,220.1192
2024-09-30 13:05,220.1282
2024-09-30 13:04,220.1372
2024-09-30 13:03,220.1452
2024-09-30 13:02,220.1517
2024-09-30 13:01,220.1590
2024-09-30 13:00,220.1628
2024-09-30 12:59,220.1677
2024-09-30 12:58,220.1699
2024-09-30 12:57,220.1729
2024-09-30 12:56,220.1741
2024-09-30 12:55,220.1765
2024-09-30 12:54,220.1790
2024-09-30 12:53,220.1824
2024-09-30 12:52,220.1885
2024-09-30 12:51,220.1955
2024-09-30 12:50,220.2025
2024-09-30 12:49,220.2104
2024-09-30 12:48,220.2193
2024-09-30 12:47,220.2278
2024-09-30 12:46,220.2421
2024-09-30 12:45,220.2553
2024-09-30 12:44,220.2698
2024-09-30 12:43,220.2850
2024-09-30 12:42,220.2995
2024-09-30 12:41,220.3115
2024-09-30 12:40,220.3201
2024-09-30 12:39,220.3291
2024-09-30 12:38,220.3396
2024-09-30 12:37,220.3506
2024-09-30 12:36,220.3627
2024-09-30 12:35,220.3746
2024-09-30 12:34,220.3876
2024-09-30 12:33,220.4041
2024-09-30 12:32,220.4206
2024-09-30 12:31,220.4379
2024-09-30 12:30,220.4534
2024-09-30 12:29,220.4672
2024-09-30 12:28,220.4797
2024-09-30 12:27,220.4940
2024-09-30 12:26,220.5084
2024-09-30 12:25,220.5252
2024-09-30 12:24,220.5410
2024-09-30 12:23,220.5590
2024-09-30 12:22,220.5732
2024-09-30 12:21,220.5879
2024-09-30 12:20,220.6050
2024-09-30 12:19,220.6201
2024-09-30 12:18,220.6356
2024-09-30 12:17,220.6492
2024-09-30 12:16,220.6607
2024-09-30 12:15,220.6709
2024-09-30 12:14,220.6796
2024-09-30 12:13,220.6887
2024-09-30 12:12,220.6961
2024-09-30 12:11,220.7021
2024-09-30 12:10,220.7071
2024-09-30 12:09,220.7085
2024-09-30 12:08,220.7087
2024-09-30 12:07,220.7092
2024-09-30 12:06,220.7092
2024-09-30 12:05,220.7115
2024-09-30 12:04,220.7138
2024-09-30 12:03,220.7186
2024-09-30 12:02,220.7255
2024-09-30 12:01,220.7343
2024-09-30 12:00,220.7441
2024-09-30 11:59,220.7540
2024-09-30 11:58,220.7631
2024-09-30 11:57,220.7713
2024-09-30 11:56,220.7841
2024-09-30 11:55,220.7916
2024-09-30 11:54,220.8004
2024-09-30 11:53,220.8101
2024-09-30 11:52,220.8176
2024-09-30 11:51,220.8253
2024-09-30 11:50,220.8345
2024-09-30 11:49,220.8423
2024-09-30 11:48,220.8496
2024-09-30 11:47,220.8588
2024-09-30 11:46,220.8639
2024-09-30 11:45,220.8690
2024-09-30 11:44,220.8715
2024-09-30 11:43,220.8720
2024-09-30 11:42,220.8747
2024-09-30 11:41,220.8797
2024-09-30 11:40,220.8879
2024-09-30 11:39,220.8969
2024-09-30 11:38,220.9046
2024-09-30 11:37,220.9067
2024-09-30 11:36,220.9117
2024-09-30 11:35,220.9177
2024-09-30 11:34,220.9219
2024-09-30 11:33,220.9245
2024-09-30 11:32,220.9272
2024-09-30 11:31,220.9299
2024-09-30 11:30,220.9347
2024-09-30 11:29,220.9359
2024-09-30 11:28,220.9435
2024-09-30 11:27,220.9478
2024-09-30 11:26,220.9519
2024-09-30 11:25,220.9515
2024-09-30 11:24,220.9511
2024-09-30 11:23,220.9526
2024-09-30 11:22,220.9567
2024-09-30 11:21,220.9591
2024-09-30 11:20,220.9601
2024-09-30 11:19,220.9621
2024-09-30 11:18,220.9634
2024-09-30 11:17,220.9629
2024-09-30 11:16,220.9634
2024-09-30 11:15,220.9637
2024-09-30 11:14,220.9642
2024-09-30 11:13,220.9650
2024-09-30 11:12,220.9649
2024-09-30 11:11,220.9662
2024-09-30 11:10,220.9668
2024-09-30 11:09,220.9675
2024-09-30 11:08,220.9699
2024-09-30 11:07,220.9679
2024-09-30 11:06,220.9636
2024-09-30 11:05,220.9592
2024-09-30 11:04,220.9544
2024-09-30 11:03,220.9460
2024-09-30 11:02,220.9430
2024-09-30 11:01,220.9385
2024-09-30 11:00,220.9344
2024-09-30 10:59,220.9270
2024-09-30 10:58,220.9229
2024-09-30 10:57,220.9206
2024-09-30 10:56,220.9175
2024-09-30 10:55,220.9159
2024-09-30 10:54,220.9099
2024-09-30 10:53,220.9044
2024-09-30 10:52,220.8955
2024-09-30 10:51,220.8880
2024-09-30 10:50,220.8749
2024-09-30 10:49,220.8616
2024-09-30 10:48,220.8497
2024-09-30 10:47,220.8333
2024-09-30 10:46,220.8142
2024-09-30 10:45,220.7967
2024-09-30 10:44,220.7769
2024-09-30 10:43,220.7634
2024-09-30 10:42,220.7456
2024-09-30 10:41,220.7323
2024-09-30 10:40,220.7209
2024-09-30 10:39,220.7085
2024-09-30 10:38,220.6959
2024-09-30 10:37,220.6915
2024-09-30 10:36,220.6840
2024-09-30 10:35,220.6710
2024-09-30 10:34,220.6585
2024-09-30 10:33,220.6452
2024-09-30 10:32,220.6336
2024-09-30 10:31,220.6211
2024-09-30 10:30,220.6025
2024-09-30 10:29,220.5983
2024-09-30 10:28,220.5879
2024-09-30 10:27,220.5790
2024-09-30 10:26,220.5702
2024-09-30 10:25,220.5638
2024-09-30 10:24,220.5565
2024-09-30 10:23,220.5467
2024-09-30 10:22,220.5276
2024-09-30 10:21,220.5114
2024-09-30 10:20,220.5088
2024-09-30 10:19,220.4938
2024-09-30 10:18,220.4763
2024-09-30 10:17,220.4637
2024-09-30 10:16,220.4505
2024-09-30 10:15,220.4373
2024-09-30 10:14,220.4267
2024-09-30 10:13,220.4177
2024-09-30 10:12,220.4134
2024-09-30 10:11,220.4071
2024-09-30 10:10,220.4009
2024-09-30 10:09,220.3954
2024-09-30 10:08,220.3906
2024-09-30 10:07,220.3888
2024-09-30 10:06,220.3818
2024-09-30 10:05,220.3763
2024-09-30 10:04,220.3720
2024-09-30 10:03,220.3687
2024-09-30 10:02,220.3600
2024-09-30 10:01,220.3468
2024-09-30 10:00,220.3417
2024-09-30 09:59,220.3328
2024-09-30 09:58,220.3233
2024-09-30 09:57,220.3121
2024-09-30 09:56,220.3083
2024-09-30 09:55,220.3068
2024-09-30 09:54,220.3033
2024-09-30 09:53,220.2987
2024-09-30 09:52,220.2967
2024-09-30 09:51,220.3015
2024-09-30 09:50,220.3089
2024-09-30 09:49,220.3161
2024-09-30 09:48,220.3218
2024-09-30 09:47,220.3299
2024-09-30 09:46,220.3397
2024-09-30 09:45,220.3441
2024-09-30 09:44,220.3567
2024-09-30 09:43,220.3687
2024-09-30 09:42,220.3794
2024-09-30 09:41,220.3859
2024-09-30 09:40,220.3902
2024-09-30 09:39,220.3869
2024-09-30 09:38,220.3914
2024-09-30 09:37,220.3941
2024-09-30 09:36,220.3961
2024-09-30 09:35,220.4000
2024-09-30 09:34,220.4048
2024-09-30 09:33,220.4120
2024-09-30 09:32,220.4096
2024-09-30 09:31,220.4095
2024-09-30 09:30,220.4151
2024-09-30 09:29,220.4108
2024-09-30 09:28,220.4119
2024-09-30 09:27,220.4129
2024-09-30 09:22,220.4156
2024-09-30 09:21,220.4158
2024-09-30 09:20,220.4201
2024-09-30 09:19,220.4181
2024-09-30 09:18,220.4246
2024-09-30 09:16,220.4278
2024-09-30 09:13,220.4181
2024-09-30 09:11,220.4213
2024-09-30 09:10,220.4295
2024-09-30 09:08,220.4327
2024-09-30 09:07,220.4357
2024-09-30 09:06,220.4423
2024-09-30 09:05,220.4495
2024-09-30 09:04,220.4543
2024-09-30 08:59,220.4625
2024-09-30 08:58,220.4675
2024-09-30 08:55,220.4753
2024-09-30 08:54,220.4857
2024-09-30 08:52,220.4933
2024-09-30 08:51,220.5033
2024-09-30 08:50,220.5198
2024-09-30 08:49,220.5330
2024-09-30 08:48,220.5442
2024-09-30 08:45,220.5553
2024-09-30 08:42,220.5655
2024-09-30 08:41,220.5803
2024-09-30 08:39,220.5887
2024-09-30 08:38,220.5987
2024-09-30 08:36,220.6137
2024-09-30 08:35,220.6270
2024-09-30 08:34,220.6292
2024-09-30 08:30,220.6313
2024-09-30 08:28,220.6430
2024-09-30 08:24,220.6490
2024-09-30 08:23,220.6532
2024-09-30 08:21,220.6488
2024-09-30 08:19,220.6528
2024-09-30 08:18,220.6570
2024-09-30 08:16,220.6540
2024-09-30 08:15,220.6543
2024-09-30 08:14,220.6535
2024-09-30 08:13,220.6578
2024-09-30 08:12,220.6575
2024-09-30 08:10,220.6553
2024-09-30 08:09,220.6543
2024-09-30 08:06,220.6550
2024-09-30 08:05,220.6573
2024-09-30 08:04,220.6677
2024-09-30 08:03,220.6703
2024-09-30 08:02,220.6703
2024-09-30 08:01,220.6703
2024-09-30 08:00,220.6767
2024-09-30 07:53,220.6802
2024-09-30 07:42,220.6895
2024-09-30 07:37,220.6998
2024-09-30 07:32,220.7087
2024-09-30 07:27,220.7162
2024-09-30 07:23,220.7253
2024-09-30 07:22,220.7240
2024-09-30 07:20,220.7230
2024-09-30 07:19,220.7190
2024-09-30 07:17,220.7175
2024-09-30 07:15,220.7140
2024-09-30 07:14,220.7160
2024-09-30 07:13,220.7178
2024-09-30 07:11,220.7197
2024-09-30 07:10,220.7213
2024-09-30 07:09,220.7229
2024-09-30 07:08,220.7224
2024-09-30 07:06,220.7194
2024-09-30 07:05,220.7198
2024-09-30 07:03,220.7198
2024-09-30 07:01,220.7233
2024-09-30 07:00,220.7214
2024-09-30 06:53,220.7084
2024-09-30 06:48,220.7066
2024-09-30 06:46,220.6971
2024-09-30 06:43,220.6901
2024-09-30 06:25,220.6794
2024-09-30 06:24,220.6664
2024-09-30 06:22,220.6539
2024-09-30 06:19,220.6458
2024-09-30 06:18,220.6388
2024-09-30 06:17,220.6318
2024-09-30 06:16,220.6251
2024-09-30 06:15,220.6181
2024-09-30 06:14,220.6114
2024-09-30 06:12,220.6053
2024-09-30 06:08,220.5983
2024-09-30 06:01,220.5928
2024-09-30 05:44,220.5906
2024-09-30 05:43,220.5881
2024-09-30 05:41,220.5814
2024-09-30 05:36,220.5794
2024-09-30 05:33,220.5801
2024-09-30 05:25,220.5801
2024-09-30 05:21,220.5724
2024-09-30 05:11,220.5713
2024-09-30 05:08,220.5674
2024-09-30 05:05,220.5642
2024-09-30 05:04,220.5629
2024-09-30 04:59,220.5602
2024-09-30 04:57,220.5544
2024-09-30 04:43,220.5469
2024-09-30 04:30,220.5420
2024-09-30 04:27,220.5377
2024-09-30 04:26,220.5310
2024-09-30 04:23,220.5237
2024-09-30 04:20,220.5164
2024-09-30 04:19,220.5057
2024-09-30 04:18,220.4967
2024-09-30 04:10,220.4830
2024-09-30 04:08,220.4735
2024-09-30 04:06,220.4545
2024-09-30 04:03,220.4396
2024-09-30 04:02,220.4259
2024-09-30 04:01,220.4186
2024-09-30 04:00,220.4094
2024-09-27 19:59,220.4012
2024-09-27 19:58,220.4006
2024-09-27 19:56,220.3959
2024-09-27 19:55,220.3957
2024-09-27 19:40,220.3876
2024-09-27 19:37,220.3874
2024-09-27 19:34,220.3626
2024-09-27 19:29,220.3584
2024-09-27 19:28,220.3586
2024-09-27 19:17,220.3559
2024-09-27 19:11,220.0631
2024-09-27 19:08,220.0637
2024-09-27 19:02,220.0646
2024-09-27 19:00,220.0644
2024-09-27 18:50,220.0562
2024-09-27 18:49,220.0562
2024-09-27 18:43,220.0555
2024-09-27 18:42,220.0555
2024-09-27 18:41,220.0603
2024-09-27 18:40,220.0660
2024-09-27 18:39,220.0697
2024-09-27 18:36,220.0800
2024-09-27 18:34,220.0784
2024-09-27 18:33,220.0841
2024-09-27 18:32,220.0794
2024-09-27 18:31,220.0741
2024-09-27 18:30,220.0741
2024-09-27 18:28,220.0801
2024-09-27 18:27,220.0858
2024-09-27 18:20,220.0959
2024-09-27 18:17,220.0973
2024-09-27 18:12,220.1011
2024-09-27 18:10,220.1009
2024-09-27 18:07,220.1013
2024-09-27 18:01,220.1052
2024-09-27 17:55,220.1117
2024-09-27 17:53,220.1174
2024-09-27 17:52,220.1225
2024-09-27 17:47,220.1284
2024-09-27 17:43,220.1296
2024-09-27 17:40,220.1427
2024-09-27 17:38,220.1533
2024-09-27 17:35,220.1658
2024-09-27 17:32,220.1758
2024-09-27 17:31,220.1946
2024-09-27 17:30,220.2134
2024-09-27 17:29,220.2325
2024-09-27 17:28,220.2469
2024-09-27 17:27,220.2593
2024-09-27 17:24,220.2720
2024-09-27 17:23,220.2848
2024-09-27 17:21,220.3011
2024-09-27 17:18,220.3148
2024-09-27 17:15,220.3303
2024-09-27 17:11,220.3461
2024-09-27 17:08,220.3643
2024-09-27 17:06,220.3815
2024-09-27 17:03,220.3985
2024-09-27 16:59,220.4112
2024-09-27 16:58,220.4258
2024-09-27 16:57,220.4497
2024-09-27 16:56,220.4647
2024-09-27 16:53,220.4850
2024-09-27 16:51,220.5017
2024-09-27 16:48,220.5247
2024-09-27 16:45,220.5377
2024-09-27 16:41,220.5735
2024-09-27 16:40,220.5919
2024-09-27 16:36,220.6079
2024-09-27 16:35,220.6269
2024-09-27 16:34,220.9365
2024-09-27 16:33,220.9575
2024-09-27 16:32,220.9752
2024-09-27 16:29,220.9914
2024-09-27 16:28,221.0080
2024-09-27 16:27,221.0237
2024-09-27 16:24,221.0434
2024-09-27 16:23,221.0564
2024-09-27 16:20,221.0682
2024-09-27 16:19,221.0769
2024-09-27 16:18,221.0904
2024-09-27 16:16,221.0987
2024-09-27 16:15,221.1190
2024-09-27 16:14,221.1288
2024-09-27 16:13,221.1530
2024-09-27 16:11,221.1770
2024-09-27 16:10,221.1974
2024-09-27 16:09,221.2131
2024-09-27 16:08,221.2291
2024-09-27 16:07,221.2449
2024-09-27 16:06,221.2665
2024-09-27 16:05,221.2857
2024-09-27 16:04,221.3085
2024-09-27 16:03,221.3313
2024-09-27 16:02,221.3493
2024-09-27 16:01,221.3665
2024-09-27 16:00,221.3838
2024-09-27 15:59,221.4029
2024-09-27 15:58,221.4204
2024-09-27 15:57,221.4362
2024-09-27 15:56,221.4495
2024-09-27 15:55,221.4630
2024-09-27 15:54,221.4727
2024-09-27 15:53,221.4828
2024-09-27 15:52,221.4881
2024-09-27 15:51,221.4951
2024-09-27 15:50,221.5027
2024-09-27 15:49,221.5131
2024-09-27 15:48,221.5256
2024-09-27 15:47,221.5360
2024-09-27 15:46,221.5467
2024-09-27 15:45,221.5580
2024-09-27 15:44,221.5715
2024-09-27 15:43,221.5813
2024-09-27 15:42,221.5893
2024-09-27 15:41,221.5977
2024-09-27 15:40,221.6082
2024-09-27 15:39,221.6210
2024-09-27 15:38,221.6337
2024-09-27 15:37,221.6427
2024-09-27 15:36,221.6506
2024-09-27 15:35,221.6568
2024-09-27 15:34,221.6627
2024-09-27 15:33,221.6692
2024-09-27 15:32,221.6773
2024-09-27 15:31,221.6863
2024-09-27 15:30,221.6942
2024-09-27 15:29,221.7031
2024-09-27 15:28,221.7121
2024-09-27 15:27,221.7236
2024-09-27 15:26,221.7334
2024-09-27 15:25,221.7424
2024-09-27 15:24,221.7531
2024-09-27 15:23,221.7655
2024-09-27 15:22,221.7811
2024-09-27 15:21,221.7885
2024-09-27 15:20,221.7984
2024-09-27 15:19,221.8092
2024-09-27 15:18,221.8202
2024-09-27 15:17,221.8291
2024-09-27 15:16,221.8397
2024-09-27 15:15,221.8494
2024-09-27 15:14,221.8603
2024-09-27 15:13,221.8693
2024-09-27 15:12,221.8752
2024-09-27 15:11,221.8837
2024-09-27 15:10,221.8921
2024-09-27 15:09,221.8998
2024-09-27 15:08,221.9072
2024-09-27 15:07,221.9133
2024-09-27 15:06,221.9192
2024-09-27 15:05,221.9241
2024-09-27 15:04,221.9310
2024-09-27 15:03,221.9366
2024-09-27 15:02,221.9452
2024-09-27 15:01,221.9546
2024-09-27 15:00,221.9627
2024-09-27 14:59,221.9708
2024-09-27 14:58,221.9801
2024-09-27 14:57,221.9885
2024-09-27 14:56,221.9970
2024-09-27 14:55,222.0037
2024-09-27 14:54,222.0104
2024-09-27 14:53,222.0203
2024-09-27 14:52,222.0296
2024-09-27 14:51,222.0388
2024-09-27 14:50,222.0461
2024-09-27 14:49,222.0539
2024-09-27 14:48,222.0604
2024-09-27 14:47,222.0680
2024-09-27 14:46,222.0766
2024-09-27 14:45,222.0840
2024-09-27 14:44,222.0888
2024-09-27 14:43,222.0915
2024-09-27 14:42,222.0936
2024-09-27 14:41,222.0956
2024-09-27 14:40,222.0969
2024-09-27 14:39,222.0963
2024-09-27 14:38,222.0955
2024-09-27 14:37,222.0964
2024-09-27 14:36,222.0952
2024-09-27 14:35,222.0987
2024-09-27 14:34,222.1028
2024-09-27 14:33,222.1049
2024-09-27 14:32,222.1039
2024-09-27 14:31,222.1050
2024-09-27 14:30,222.1101
2024-09-27 14:29,222.1106
2024-09-27 14:28,222.1092
2024-09-27 14:27,222.1057
2024-09-27 14:26,222.1028
2024-09-27 14:25,222.1016
2024-09-27 14:24,222.0991
2024-09-27 14:23,222.0960
2024-09-27 14:22,222.0905
2024-09-27 14:21,222.0921
2024-09-27 14:20,222.0929
2024-09-27 14:19,222.0931
2024-09-27 14:18,222.0931
2024-09-27 14:17,222.0936
2024-09-27 14:16,222.0926
2024-09-27 14:15,222.0924
2024-09-27 14:14,222.0900
2024-09-27 14:13,222.0886
2024-09-27 14:12,222.0864
2024-09-27 14:11,222.0809
2024-09-27 14:10,222.0733
2024-09-27 14:09,222.0652
2024-09-27 14:08,222.0595
2024-09-27 14:07,222.0568
2024-09-27 14:06,222.0534
2024-09-27 14:05,222.0516
2024-09-27 14:04,222.0509
2024-09-27 14:03,222.0517
2024-09-27 14:02,222.0506
2024-09-27 14:01,222.0466
2024-09-27 14:00,222.0422
2024-09-27 13:59,222.0363
2024-09-27 13:58,222.0311
2024-09-27 13:57,222.0257
2024-09-27 13:56,222.0213
2024-09-27 13:55,222.0168
2024-09-27 13:54,222.0149
2024-09-27 13:53,222.0116
2024-09-27 13:52,222.0099
2024-09-27 13:51,222.0069
2024-09-27 13:50,222.0045
2024-09-27 13:49,222.0005
2024-09-27 13:48,221.9947
2024-09-27 13:47,221.9903
2024-09-27 13:46,221.9855
2024-09-27 13:45,221.9803
2024-09-27 13:44,221.9755
2024-09-27 13:43,221.9767
2024-09-27 13:42,221.9783
2024-09-27 13:41,221.9805
2024-09-27 13:40,221.9837
2024-09-27 13:38,221.9876
2024-09-27 13:37,221.9910
2024-09-27 13:36,221.9941
2024-09-27 13:35,221.9983
2024-09-27 13:34,222.0032
2024-09-27 13:33,222.0047
2024-09-27 13:32,222.0072
2024-09-27 13:31,222.0133
2024-09-27 13:30,222.0195
2024-09-27 13:29,222.0258
2024-09-27 13:28,222.0306
2024-09-27 13:27,222.0366
2024-09-27 13:26,222.0426
2024-09-27 13:25,222.0452
2024-09-27 13:24,222.0499
2024-09-27 13:23,222.0559
2024-09-27 13:22,222.0618
2024-09-27 13:21,222.0659
2024-09-27 13:20,222.0678
2024-09-27 13:19,222.0688
2024-09-27 13:18,222.0704
2024-09-27 13:17,222.0735
2024-09-27 13:16,222.0754
2024-09-27 13:15,222.0779
2024-09-27 13:14,222.0800
2024-09-27 13:13,222.0854
2024-09-27 13:12,222.0894
2024-09-27 13:11,222.0999
2024-09-27 13:10,222.1135
2024-09-27 13:09,222.1266
2024-09-27 13:08,222.1388
2024-09-27 13:07,222.1538
2024-09-27 13:06,222.1689
2024-09-27 13:05,222.1832
2024-09-27 13:04,222.1954
2024-09-27 13:03,222.2019
2024-09-27 13:02,222.2063
2024-09-27 13:01,222.2102
2024-09-27 13:00,222.2159
2024-09-27 12:59,222.2240
2024-09-27 12:58,222.2333
2024-09-27 12:57,222.2411
2024-09-27 12:56,222.2506
2024-09-27 12:55,222.2592
2024-09-27 12:54,222.2682
2024-09-27 12:53,222.2772
2024-09-27 12:52,222.2851
2024-09-27 12:51,222.2910
2024-09-27 12:50,222.2991
2024-09-27 12:49,222.3086
2024-09-27 12:48,222.3188
2024-09-27 12:47,222.3314
2024-09-27 12:46,222.3440
2024-09-27 12:45,222.3581
2024-09-27 12:44,222.3753
2024-09-27 12:43,222.3918
2024-09-27 12:42,222.4080
2024-09-27 12:41,222.4220
2024-09-27 12:40,222.4349
2024-09-27 12:39,222.4472
2024-09-27 12:38,222.4585
2024-09-27 12:37,222.4720
2024-09-27 12:36,222.4866
2024-09-27 12:35,222.5010
2024-09-27 12:34,222.5147
2024-09-27 12:33,222.5324
2024-09-27 12:32,222.5496
2024-09-27 12:31,222.5645
2024-09-27 12:30,222.5775
2024-09-27 12:29,222.5885
2024-09-27 12:28,222.6012
2024-09-27 12:27,222.6134
2024-09-27 12:26,222.6250
2024-09-27 12:25,222.6404
2024-09-27 12:24,222.6540
2024-09-27 12:23,222.6650
2024-09-27 12:22,222.6758
2024-09-27 12:21,222.6894
2024-09-27 12:20,222.7049
2024-09-27 12:19,222.7206
2024-09-27 12:18,222.7350
2024-09-27 12:17,222.7502
2024-09-27 12:16,222.7660
2024-09-27 12:15,222.7825
2024-09-27 12:14,222.8040
2024-09-27 12:13,222.8203
2024-09-27 12:12,222.8380
2024-09-27 12:11,222.8551
2024-09-27 12:10,222.8727
2024-09-27 12:09,222.8895
2024-09-27 12:08,222.9056
2024-09-27 12:07,222.9142
2024-09-27 12:06,222.9242
2024-09-27 12:05,222.9348
2024-09-27 12:04,222.9493
2024-09-27 12:03,222.9654
2024-09-27 12:02,222.9788
2024-09-27 12:01,222.9894
2024-09-27 12:00,223.0038
2024-09-27 11:59,223.0178
2024-09-27 11:58,223.0349
2024-09-27 11:57,223.0565
2024-09-27 11:56,223.0770
2024-09-27 11:55,223.0959
2024-09-27 11:54,223.1165
2024-09-27 11:53,223.1375
2024-09-27 11:52,223.1585
2024-09-27 11:51,223.1823
2024-09-27 11:50,223.2024
2024-09-27 11:49,223.2203
2024-09-27 11:48,223.2383
2024-09-27 11:47,223.2551
2024-09-27 11:46,223.2710
2024-09-27 11:45,223.2838
2024-09-27 11:44,223.2940
2024-09-27 11:43,223.2995
2024-09-27 11:42,223.3048
2024-09-27 11:41,223.3133
2024-09-27 11:40,223.3234
2024-09-27 11:39,223.3342
2024-09-27 11:38,223.3501
2024-09-27 11:37,223.3647
2024-09-27 11:36,223.3793
2024-09-27 11:35,223.3912
2024-09-27 11:34,223.4010
2024-09-27 11:33,223.4085
2024-09-27 11:32,223.4210
2024-09-27 11:31,223.4368
2024-09-27 11:30,223.4532
2024-09-27 11:29,223.4697
2024-09-27 11:28,223.4858
2024-09-27 11:27,223.5018
2024-09-27 11:26,223.5154
2024-09-27 11:25,223.5313
2024-09-27 11:24,223.5471
2024-09-27 11:23,223.5635
2024-09-27 11:22,223.5791
2024-09-27 11:21,223.5942
2024-09-27 11:20,223.6091
2024-09-27 11:19,223.6213
2024-09-27 11:18,223.6393
2024-09-27 11:17,223.6548
2024-09-27 11:16,223.6647
2024-09-27 11:15,223.6732
2024-09-27 11:14,223.6762
2024-09-27 11:13,223.6791
2024-09-27 11:12,223.6841
2024-09-27 11:11,223.6809
2024-09-27 11:10,223.6746
2024-09-27 11:09,223.6711
2024-09-27 11:08,223.6692
2024-09-27 11:07,223.6689
2024-09-27 11:06,223.6667
2024-09-27 11:05,223.6654
2024-09-27 11:04,223.6569
2024-09-27 11:03,223.6471
2024-09-27 11:02,223.6365
2024-09-27 11:01,223.6311
2024-09-27 11:00,223.6219
2024-09-27 10:59,223.6132
2024-09-27 10:58,223.5937
2024-09-27 10:57,223.5689
2024-09-27 10:56,223.5426
2024-09-27 10:55,223.5190
2024-09-27 10:54,223.4928
2024-09-27 10:53,223.4686
2024-09-27 10:52,223.4480
2024-09-27 10:51,223.4244
2024-09-27 10:50,223.4026
2024-09-27 10:49,223.3801
2024-09-27 10:48,223.3548
2024-09-27 10:47,223.3316
2024-09-27 10:46,223.3079
2024-09-27 10:45,223.2851
2024-09-27 10:44,223.2597
2024-09-27 10:43,223.2494
2024-09-27 10:42,223.2364
2024-09-27 10:41,223.2209
2024-09-27 10:40,223.2056
2024-09-27 10:39,223.1941
2024-09-27 10:38,223.1797
2024-09-27 10:37,223.1714
2024-09-27 10:36,223.1571
2024-09-27 10:35,223.1462
2024-09-27 10:34,223.1306
2024-09-27 10:33,223.1162
2024-09-27 10:32,223.0927
2024-09-27 10:31,223.0621
2024-09-27 10:30,223.0446
2024-09-27 10:29,223.0172
2024-09-27 10:28,222.9984
2024-09-27 10:27,222.9803
2024-09-27 10:26,222.9709
2024-09-27 10:25,222.9556
2024-09-27 10:24,222.9468
2024-09-27 10:23,222.9352
2024-09-27 10:22,222.9294
2024-09-27 10:21,222.9239
2024-09-27 10:20,222.9187
2024-09-27 10:19,222.9164
2024-09-27 10:18,222.9099
2024-09-27 10:17,222.9047
2024-09-27 10:16,222.9052
2024-09-27 10:15,222.9035
2024-09-27 10:14,222.9050
2024-09-27 10:13,222.9088
2024-09-27 10:12,222.9106
2024-09-27 10:11,222.9148
2024-09-27 10:10,222.9198
2024-09-27 10:09,222.9229
2024-09-27 10:08,222.9272
2024-09-27 10:07,222.9325
2024-09-27 10:06,222.9364
2024-09-27 10:05,222.9395
2024-09-27 10:04,222.9375
2024-09-27 10:03,222.9477
2024-09-27 10:02,222.9632
2024-09-27 10:01,222.9727
2024-09-27 10:00,222.9834
2024-09-27 09:59,222.9932
2024-09-27 09:58,223.0109
2024-09-27 09:57,223.0299
2024-09-27 09:56,223.0524
2024-09-27 09:55,223.0739
2024-09-27 09:54,223.0960
2024-09-27 09:53,223.1145
2024-09-27 09:52,223.1309
2024-09-27 09:51,223.1489
2024-09-27 09:50,223.1664
2024-09-27 09:49,223.1833
2024-09-27 09:48,223.2041
2024-09-27 09:47,223.2257
2024-09-27 09:46,223.2470
2024-09-27 09:45,223.2723
2024-09-27 09:44,223.2941
2024-09-27 09:43,223.3056
2024-09-27 09:42,223.3200
2024-09-27 09:41,223.3357
2024-09-27 09:40,223.3522
2024-09-27 09:39,223.3615
2024-09-27 09:38,223.3690
2024-09-27 09:37,223.3712
2024-09-27 09:36,223.3780
2024-09-27 09:35,223.3815
2024-09-27 09:34,223.3918
2024-09-27 09:33,223.4029
2024-09-27 09:32,223.4159
2024-09-27 09:31,223.4334
2024-09-27 09:30,223.4379
2024-09-27 09:29,223.4527
2024-09-27 09:27,223.4587
2024-09-27 09:22,223.4647
2024-09-27 09:20,223.4639
2024-09-27 09:18,223.4639
2024-09-27 09:16,223.4537
2024-09-27 09:15,223.4521
2024-09-27 09:13,223.4423
2024-09-27 09:12,223.4343
2024-09-27 09:10,223.4220
2024-09-27 09:08,223.4078
2024-09-27 09:07,223.3937
2024-09-27 09:05,223.3870
2024-09-27 09:04,223.3727
2024-09-27 09:02,223.3675
2024-09-27 09:01,223.3607
2024-09-27 08:59,223.3543
2024-09-27 08:58,223.3477
2024-09-27 08:57,223.3408
2024-09-27 08:56,223.3338
2024-09-27 08:51,223.3278
2024-09-27 08:47,223.3250
2024-09-27 08:46,223.3218
2024-09-27 08:43,223.3090
2024-09-27 08:34,223.3052
2024-09-27 08:33,223.3080
2024-09-27 08:30,223.3050
2024-09-27 08:28,223.3020
2024-09-27 08:27,223.3028
2024-09-27 08:25,223.3018
2024-09-27 08:24,223.2893
2024-09-27 08:21,223.2940
2024-09-27 08:18,223.2952
2024-09-27 08:16,223.2980
2024-09-27 08:15,223.3007
2024-09-27 08:14,223.3035
2024-09-27 08:13,223.3065
2024-09-27 08:11,223.3093
2024-09-27 08:10,223.3027
2024-09-27 08:05,223.3057
2024-09-27 08:04,223.3105
2024-09-27 08:03,223.3110
2024-09-27 08:02,223.3103
2024-09-27 08:01,223.3140
2024-09-27 08:00,223.3133
2024-09-27 07:57,223.3141
2024-09-27 07:52,223.3183
2024-09-27 07:50,223.3233
2024-09-27 07:43,223.3264
2024-09-27 07:38,223.3253
2024-09-27 07:36,223.3336
2024-09-27 07:17,223.3376
2024-09-27 07:12,223.3393
2024-09-27 07:04,223.3421
2024-09-27 07:02,223.3506
2024-09-27 07:00,223.3579
2024-09-27 06:46,223.3646
2024-09-27 06:43,223.3671
2024-09-27 06:42,223.3763
2024-09-27 06:36,223.3851
2024-09-27 06:35,223.3939
2024-09-27 06:32,223.3976
2024-09-27 06:25,223.4068
2024-09-27 05:55,223.4131
2024-09-27 05:42,223.4226
2024-09-27 05:34,223.4344
2024-09-27 05:27,223.4408
2024-09-27 05:18,223.4504
2024-09-27 04:54,223.4551
2024-09-27 04:53,223.4640
2024-09-27 04:52,223.4782
2024-09-27 04:42,223.4923
2024-09-27 04:41,223.4988
2024-09-27 04:40,223.5128
2024-09-27 04:37,223.5202
2024-09-27 04:36,223.5268
2024-09-27 04:35,223.5318
2024-09-27 04:34,223.5382
2024-09-27 04:33,223.5447
2024-09-27 04:32,223.5515
2024-09-27 04:24,223.5583
2024-09-27 04:19,223.5587
2024-09-27 04:13,223.5613
2024-09-27 04:10,223.5740
2024-09-27 04:09,223.5760
2024-09-27 04:08,223.5828
2024-09-27 04:06,223.5855
2024-09-27 04:03,223.5880
2024-09-27 04:02,223.5905
2024-09-27 04:01,223.5930
2024-09-26 19:58,223.6060
2024-09-26 19:56,223.6027
2024-09-26 19:50,223.6030
2024-09-26 19:49,223.5972
2024-09-26 19:48,223.5937
2024-09-26 19:45,223.5899
2024-09-26 19:43,223.5864
2024-09-26 19:41,223.5827
2024-09-26 19:36,223.5892
2024-09-26 19:34,223.5859
2024-09-26 19:31,223.5830
2024-09-26 19:29,223.5399
2024-09-26 19:27,223.5364
2024-09-26 19:21,223.5309
2024-09-26 19:20,223.5280
2024-09-26 19:17,223.5273
2024-09-26 19:14,223.5276
2024-09-26 19:05,223.5141
2024-09-26 19:00,223.5148
2024-09-26 18:55,223.5174
2024-09-26 18:54,223.5143
2024-09-26 18:43,223.5128
2024-09-26 18:37,223.5116
2024-09-26 18:36,223.5126
2024-09-26 18:33,223.5133
2024-09-26 18:32,223.5079
2024-09-26 18:30,223.5003
2024-09-26 18:29,223.5009
2024-09-26 18:28,223.4951
2024-09-26 18:24,223.4896
2024-09-26 18:22,223.4843
2024-09-26 18:21,223.4851
2024-09-26 18:18,223.4801
2024-09-26 18:16,223.4798
2024-09-26 18:15,223.4803
2024-09-26 18:10,223.4804
2024-09-26 18:01,223.4786
2024-09-26 17:57,223.4738
2024-09-26 17:56,223.4700
2024-09-26 17:53,223.4651
2024-09-26 17:51,223.4593
2024-09-26 17:50,223.4554
2024-09-26 17:49,223.4524
2024-09-26 17:47,223.4486
2024-09-26 17:46,223.4450
2024-09-26 17:41,223.4404
2024-09-26 17:40,223.4380
2024-09-26 17:38,223.4327
2024-09-26 17:34,223.4272
2024-09-26 17:33,223.4215
2024-09-26 17:30,223.4170
2024-09-26 17:29,223.4144
2024-09-26 17:27,223.4085
2024-09-26 17:26,223.4025
2024-09-26 17:23,223.3970
2024-09-26 17:20,223.3887
2024-09-26 17:19,223.3792
2024-09-26 17:18,223.3737
2024-09-26 17:15,223.3696
2024-09-26 17:14,223.3654
2024-09-26 17:11,223.3624
2024-09-26 17:09,223.3582
2024-09-26 17:00,223.3539
2024-09-26 16:57,223.3517
2024-09-26 16:48,223.3478
2024-09-26 16:47,223.3435
2024-09-26 16:46,223.3405
2024-09-26 16:45,223.3373
2024-09-26 16:43,223.3340
2024-09-26 16:41,223.3297
2024-09-26 16:39,223.3260
2024-09-26 16:38,223.3665
2024-09-26 16:36,223.3671
2024-09-26 16:35,223.3666
2024-09-26 16:34,223.3621
2024-09-26 16:26,223.3599
2024-09-26 16:23,223.3555
2024-09-26 16:22,223.3643
2024-09-26 16:21,223.3617
2024-09-26 16:15,223.3575
2024-09-26 16:11,223.3535
2024-09-26 16:10,223.3500
2024-09-26 16:09,223.3467
2024-09-26 16:07,223.3415
2024-09-26 16:06,223.3328
2024-09-26 16:05,223.3298
2024-09-26 16:04,223.3292
2024-09-26 16:03,223.3277
2024-09-26 16:02,223.3266
2024-09-26 16:01,223.3247
2024-09-26 16:00,223.3229
2024-09-26 15:59,223.3201
2024-09-26 15:58,223.3143
2024-09-26 15:57,223.3068
2024-09-26 15:56,223.2980
2024-09-26 15:55,223.2897
2024-09-26 15:54,223.2826
2024-09-26 15:53,223.2789
2024-09-26 15:52,223.2760
2024-09-26 15:51,223.2750
2024-09-26 15:50,223.2716
2024-09-26 15:49,223.2655
2024-09-26 15:48,223.2590
2024-09-26 15:47,223.2531
2024-09-26 15:46,223.2469
2024-09-26 15:45,223.2424
2024-09-26 15:44,223.2365
2024-09-26 15:43,223.2321
2024-09-26 15:42,223.2283
2024-09-26 15:41,223.2255
2024-09-26 15:40,223.2227
2024-09-26 15:39,223.2190
2024-09-26 15:38,223.2173
2024-09-26 15:37,223.2159
2024-09-26 15:36,223.2149
2024-09-26 15:35,223.2154
2024-09-26 15:34,223.2178
2024-09-26 15:33,223.2174
2024-09-26 15:32,223.2138
2024-09-26 15:31,223.2089
2024-09-26 15:30,223.2030
2024-09-26 15:29,223.1978
2024-09-26 15:28,223.1923
2024-09-26 15:27,223.1873
2024-09-26 15:26,223.1822
2024-09-26 15:25,223.1779
2024-09-26 15:24,223.1732
2024-09-26 15:23,223.1699
2024-09-26 15:22,223.1647
2024-09-26 15:21,223.1607
2024-09-26 15:20,223.1559
2024-09-26 15:19,223.1504
2024-09-26 15:18,223.1432
2024-09-26 15:17,223.1365
2024-09-26 15:16,223.1342
2024-09-26 15:15,223.1340
2024-09-26 15:14,223.1300
2024-09-26 15:13,223.1240
2024-09-26 15:12,223.1161
2024-09-26 15:11,223.1109
2024-09-26 15:10,223.1034
2024-09-26 15:09,223.0965
2024-09-26 15:08,223.0894
2024-09-26 15:07,223.0815
2024-09-26 15:06,223.0746
2024-09-26 15:05,223.0663
2024-09-26 15:04,223.0567
2024-09-26 15:03,223.0465
2024-09-26 15:02,223.0325
2024-09-26 15:01,223.0205
2024-09-26 15:00,223.0095
2024-09-26 14:59,222.9970
2024-09-26 14:58,222.9866
2024-09-26 14:57,222.9749
2024-09-26 14:56,222.9622
2024-09-26 14:55,222.9516
2024-09-26 14:54,222.9422
2024-09-26 14:53,222.9331
2024-09-26 14:52,222.9252
2024-09-26 14:51,222.9185
2024-09-26 14:50,222.9108
2024-09-26 14:49,222.9051
2024-09-26 14:48,222.8997
2024-09-26 14:47,222.8938
2024-09-26 14:46,222.8888
2024-09-26 14:45,222.8837
2024-09-26 14:44,222.8796
2024-09-26 14:43,222.8753
2024-09-26 14:42,222.8684
2024-09-26 14:41,222.8615
2024-09-26 14:40,222.8517
2024-09-26 14:39,222.8437
2024-09-26 14:38,222.8335
2024-09-26 14:37,222.8250
2024-09-26 14:36,222.8181
2024-09-26 14:35,222.8108
2024-09-26 14:34,222.8020
2024-09-26 14:33,222.7920
2024-09-26 14:32,222.7841
2024-09-26 14:31,222.7794
2024-09-26 14:30,222.7735
2024-09-26 14:29,222.7671
2024-09-26 14:28,222.7594
2024-09-26 14:27,222.7495
2024-09-26 14:26,222.7383
2024-09-26 14:25,222.7275
2024-09-26 14:24,222.7146
2024-09-26 14:23,222.7008
2024-09-26 14:22,222.6887
2024-09-26 14:21,222.6780
2024-09-26 14:20,222.6681
2024-09-26 14:19,222.6537
2024-09-26 14:18,222.6423
2024-09-26 14:17,222.6327
2024-09-26 14:16,222.6225
2024-09-26 14:15,222.6089
2024-09-26 14:14,222.5986
2024-09-26 14:13,222.5888
2024-09-26 14:12,222.5809
2024-09-26 14:11,222.5717
2024-09-26 14:10,222.5647
2024-09-26 14:09,222.5599
2024-09-26 14:08,222.5546
2024-09-26 14:07,222.5494
2024-09-26 14:06,222.5430
2024-09-26 14:05,222.5400
2024-09-26 14:04,222.5396
2024-09-26 14:03,222.5387
2024-09-26 14:02,222.5413
2024-09-26 14:01,222.5443
2024-09-26 14:00,222.5458
2024-09-26 13:59,222.5489
2024-09-26 13:58,222.5538
2024-09-26 13:57,222.5592
2024-09-26 13:56,222.5658
2024-09-26 13:55,222.5708
2024-09-26 13:54,222.5755
2024-09-26 13:53,222.5778
2024-09-26 13:52,222.5807
2024-09-26 13:51,222.5814
2024-09-26 13:50,222.5838
2024-09-26 13:49,222.5854
2024-09-26 13:48,222.5845
2024-09-26 13:47,222.5849
2024-09-26 13:46,222.5844
2024-09-26 13:45,222.5832
2024-09-26 13:44,222.5837
2024-09-26 13:43,222.5847
2024-09-26 13:42,222.5874
2024-09-26 13:41,222.5883
2024-09-26 13:40,222.5929
2024-09-26 13:39,222.5984
2024-09-26 13:38,222.6082
2024-09-26 13:37,222.6150
2024-09-26 13:36,222.6222
2024-09-26 13:35,222.6292
2024-09-26 13:34,222.6367
2024-09-26 13:33,222.6449
2024-09-26 13:32,222.6528
2024-09-26 13:31,222.6589
2024-09-26 13:30,222.6657
2024-09-26 13:29,222.6727
2024-09-26 13:28,222.6803
2024-09-26 13:27,222.6912
2024-09-26 13:26,222.7039
2024-09-26 13:25,222.7164
2024-09-26 13:24,222.7299
2024-09-26 13:23,222.7432
2024-09-26 13:22,222.7571
2024-09-26 13:21,222.7706
2024-09-26 13:20,222.7835
2024-09-26 13:19,222.7992
2024-09-26 13:18,222.8144
2024-09-26 13:17,222.8272
2024-09-26 13:16,222.8382
2024-09-26 13:15,222.8497
2024-09-26 13:14,222.8620
2024-09-26 13:13,222.8746
2024-09-26 13:12,222.8865
2024-09-26 13:11,222.8983
2024-09-26 13:10,222.9103
2024-09-26 13:09,222.9216
2024-09-26 13:08,222.9316
2024-09-26 13:07,222.9417
2024-09-26 13:06,222.9529
2024-09-26 13:05,222.9621
2024-09-26 13:04,222.9713
2024-09-26 13:03,222.9805
2024-09-26 13:02,222.9895
2024-09-26 13:01,222.9967
2024-09-26 13:00,223.0064
2024-09-26 12:59,223.0188
2024-09-26 12:58,223.0298
2024-09-26 12:57,223.0422
2024-09-26 12:56,223.0529
2024-09-26 12:55,223.0643
2024-09-26 12:54,223.0761
2024-09-26 12:53,223.0864
2024-09-26 12:52,223.0961
2024-09-26 12:51,223.1030
2024-09-26 12:50,223.1093
2024-09-26 12:49,223.1138
2024-09-26 12:48,223.1199
2024-09-26 12:47,223.1267
2024-09-26 12:46,223.1338
2024-09-26 12:45,223.1400
2024-09-26 12:44,223.1443
2024-09-26 12:43,223.1473
2024-09-26 12:42,223.1524
2024-09-26 12:41,223.1583
2024-09-26 12:40,223.1607
2024-09-26 12:39,223.1673
2024-09-26 12:38,223.1702
2024-09-26 12:37,223.1724
2024-09-26 12:36,223.1718
2024-09-26 12:35,223.1720
2024-09-26 12:34,223.1711
2024-09-26 12:33,223.1673
2024-09-26 12:32,223.1625
2024-09-26 12:31,223.1588
2024-09-26 12:30,223.1546
2024-09-26 12:29,223.1501
2024-09-26 12:28,223.1464
2024-09-26 12:27,223.1410
2024-09-26 12:26,223.1347
2024-09-26 12:25,223.1304
2024-09-26 12:24,223.1311
2024-09-26 12:23,223.1314
2024-09-26 12:22,223.1286
2024-09-26 12:21,223.1241
2024-09-26 12:20,223.1209
2024-09-26 12:19,223.1175
2024-09-26 12:18,223.1119
2024-09-26 12:17,223.1046
2024-09-26 12:16,223.0976
2024-09-26 12:15,223.0936
2024-09-26 12:14,223.0877
2024-09-26 12:13,223.0836
2024-09-26 12:12,223.0791
2024-09-26 12:11,223.0722
2024-09-26 12:10,223.0672
2024-09-26 12:09,223.0608
2024-09-26 12:08,223.0577
2024-09-26 12:07,223.0544
2024-09-26 12:06,223.0510
2024-09-26 12:05,223.0480
2024-09-26 12:04,223.0445
2024-09-26 12:03,223.0430
2024-09-26 12:02,223.0411
2024-09-26 12:01,223.0409
2024-09-26 12:00,223.0374
2024-09-26 11:59,223.0324
2024-09-26 11:58,223.0248
2024-09-26 11:57,223.0173
2024-09-26 11:56,223.0113
2024-09-26 11:55,223.0013
2024-09-26 11:54,222.9899
2024-09-26 11:53,222.9815
2024-09-26 11:52,222.9737
2024-09-26 11:51,222.9707
2024-09-26 11:50,222.9718
2024-09-26 11:49,222.9748
2024-09-26 11:48,222.9823
2024-09-26 11:47,222.9893
2024-09-26 11:46,222.9927
2024-09-26 11:45,222.9957
2024-09-26 11:44,222.9959
2024-09-26 11:43,222.9957
2024-09-26 11:42,222.9955
2024-09-26 11:41,222.9901
2024-09-26 11:40,222.9869
2024-09-26 11:39,222.9794
2024-09-26 11:38,222.9677
2024-09-26 11:37,222.9574
2024-09-26 11:36,222.9494
2024-09-26 11:35,222.9399
2024-09-26 11:34,222.9309
2024-09-26 11:33,222.9264
2024-09-26 11:32,222.9240
2024-09-26 11:31,222.9155
2024-09-26 11:30,222.9113
2024-09-26 11:29,222.9050
2024-09-26 11:28,222.8973
2024-09-26 11:27,222.8920
2024-09-26 11:26,222.8843
2024-09-26 11:25,222.8717
2024-09-26 11:24,222.8544
2024-09-26 11:23,222.8349
2024-09-26 11:22,222.8148
2024-09-26 11:21,222.7985
2024-09-26 11:20,222.7857
2024-09-26 11:19,222.7759
2024-09-26 11:18,222.7680
2024-09-26 11:17,222.7575
2024-09-26 11:16,222.7479
2024-09-26 11:15,222.7367
2024-09-26 11:14,222.7295
2024-09-26 11:13,222.7218
2024-09-26 11:12,222.7091
2024-09-26 11:11,222.6988
2024-09-26 11:10,222.6819
2024-09-26 11:09,222.6646
2024-09-26 11:08,222.6441
2024-09-26 11:07,222.6241
2024-09-26 11:06,222.6041
2024-09-26 11:05,222.5831
2024-09-26 11:04,222.5633
2024-09-26 11:03,222.5425
2024-09-26 11:02,222.5182
2024-09-26 11:01,222.4960
2024-09-26 11:00,222.4775
2024-09-26 10:59,222.4563
2024-09-26 10:58,222.4378
2024-09-26 10:57,222.4188
2024-09-26 10:56,222.4018
2024-09-26 10:55,222.3878
2024-09-26 10:54,222.3757
2024-09-26 10:53,222.3660
2024-09-26 10:52,222.3565
2024-09-26 10:51,222.3329
2024-09-26 10:50,222.3032
2024-09-26 10:49,222.2757
2024-09-26 10:48,222.2494
2024-09-26 10:47,222.2273
2024-09-26 10:46,222.2079
2024-09-26 10:45,222.1947
2024-09-26 10:44,222.1846
2024-09-26 10:43,222.1733
2024-09-26 10:42,222.1605
2024-09-26 10:41,222.1536
2024-09-26 10:40,222.1480
2024-09-26 10:39,222.1498
2024-09-26 10:38,222.1561
2024-09-26 10:37,222.1581
2024-09-26 10:36,222.1683
2024-09-26 10:35,222.1812
2024-09-26 10:34,222.1933
2024-09-26 10:33,222.2039
2024-09-26 10:32,222.2139
2024-09-26 10:31,222.2286
2024-09-26 10:30,222.2479
2024-09-26 10:29,222.2484
2024-09-26 10:28,222.2353
2024-09-26 10:27,222.2205
2024-09-26 10:26,222.2077
2024-09-26 10:25,222.2055
2024-09-26 10:24,222.2034
2024-09-26 10:23,222.2057
2024-09-26 10:22,222.2104
2024-09-26 10:21,222.2109
2024-09-26 10:20,222.2068
2024-09-26 10:19,222.2027
2024-09-26 10:18,222.1965
2024-09-26 10:17,222.1944
2024-09-26 10:16,222.1898
2024-09-26 10:15,222.1773
2024-09-26 10:14,222.1622
2024-09-26 10:13,222.1508
2024-09-26 10:12,222.1446
2024-09-26 10:11,222.1376
2024-09-26 10:10,222.1371
2024-09-26 10:09,222.1402
2024-09-26 10:08,222.1476
2024-09-26 10:07,222.1535
2024-09-26 10:06,222.1553
2024-09-26 10:05,222.1622
2024-09-26 10:04,222.1654
2024-09-26 10:03,222.1677
2024-09-26 10:02,222.1754
2024-09-26 10:01,222.1775
2024-09-26 10:00,222.1699
2024-09-26 09:59,222.1739
2024-09-26 09:58,222.1719
2024-09-26 09:57,222.1752
2024-09-26 09:56,222.1770
2024-09-26 09:55,222.1769
2024-09-26 09:54,222.1756
2024-09-26 09:53,222.1726
2024-09-26 09:52,222.1686
2024-09-26 09:51,222.1763
2024-09-26 09:50,222.1859
2024-09-26 09:49,222.1943
2024-09-26 09:48,222.1939
2024-09-26 09:47,222.1930
2024-09-26 09:46,222.1942
2024-09-26 09:45,222.1873
2024-09-26 09:44,222.1865
2024-09-26 09:43,222.1844
2024-09-26 09:42,222.1796
2024-09-26 09:41,222.1767
2024-09-26 09:40,222.1713
2024-09-26 09:39,222.1548
2024-09-26 09:38,222.1363
2024-09-26 09:37,222.1270
2024-09-26 09:36,222.1043
2024-09-26 09:35,222.0852
2024-09-26 09:34,222.0635
2024-09-26 09:33,222.0421
2024-09-26 09:32,222.0145
2024-09-26 09:31,221.9935
2024-09-26 09:30,221.9567
2024-09-26 09:29,221.9367
2024-09-26 09:28,221.9382
2024-09-26 09:27,221.9461
2024-09-26 09:26,221.9594
2024-09-26 09:23,221.9596
2024-09-26 09:21,221.9596
2024-09-26 09:20,221.9602
2024-09-26 09:19,221.9607
2024-09-26 09:18,221.9652
2024-09-26 09:16,221.9671
2024-09-26 09:15,221.9676
2024-09-26 09:14,221.9759
2024-09-26 09:12,221.9764
2024-09-26 09:11,221.9881
2024-09-26 09:10,222.0059
2024-09-26 09:09,222.0226
2024-09-26 09:08,222.0341
2024-09-26 09:07,222.0439
2024-09-26 09:05,222.0508
2024-09-26 09:04,222.0554
2024-09-26 09:03,222.0634
2024-09-26 09:02,222.0638
2024-09-26 09:01,222.0651
2024-09-26 09:00,222.0739
2024-09-26 08:59,222.0819
2024-09-26 08:57,222.0938
2024-09-26 08:56,222.1104
2024-09-26 08:55,222.1298
2024-09-26 08:54,222.1581
2024-09-26 08:53,222.1929
2024-09-26 08:51,222.2119
2024-09-26 08:49,222.2491
2024-09-26 08:48,222.2656
2024-09-26 08:47,222.2721
2024-09-26 08:45,222.2771
2024-09-26 08:44,222.2752
2024-09-26 08:42,222.2724
2024-09-26 08:41,222.2724
2024-09-26 08:39,222.2731
2024-09-26 08:38,222.2719
2024-09-26 08:37,222.2651
2024-09-26 08:36,222.2614
2024-09-26 08:34,222.2546
2024-09-26 08:32,222.2449
2024-09-26 08:31,222.2427
2024-09-26 08:29,222.2298
2024-09-26 08:28,222.2249
2024-09-26 08:27,222.2231
2024-09-26 08:25,222.2184
2024-09-26 08:21,222.2096
2024-09-26 08:20,222.2080
2024-09-26 08:15,222.2030
2024-09-26 08:14,222.1935
2024-09-26 08:10,222.1918
2024-09-26 08:09,222.1853
2024-09-26 08:08,222.1820
2024-09-26 08:06,222.1790
2024-09-26 08:05,222.1740
2024-09-26 08:03,222.1645
2024-09-26 08:02,222.1650
2024-09-26 08:00,222.1697
2024-09-26 07:56,222.1678
2024-09-26 07:55,222.1595
2024-09-26 07:48,222.1458
2024-09-26 07:47,222.1368
2024-09-26 07:46,222.1278
2024-09-26 07:44,222.1165
2024-09-26 07:40,222.1020
2024-09-26 07:37,222.0938
2024-09-26 07:36,222.0880
2024-09-26 07:33,222.0827
2024-09-26 07:31,222.0713
2024-09-26 07:30,222.0635
2024-09-26 07:27,222.0437
2024-09-26 07:26,222.0240
2024-09-26 07:25,222.0057
2024-09-26 07:23,221.9837
2024-09-26 07:22,221.9635
2024-09-26 07:17,221.9473
2024-09-26 07:15,221.9316
2024-09-26 07:13,221.9136
2024-09-26 07:12,221.9014
2024-09-26 07:11,221.8856
2024-09-26 07:09,221.8711
2024-09-26 07:03,221.8478
2024-09-26 07:00,221.8273
2024-09-26 06:58,221.7967
2024-09-26 06:56,221.7627
2024-09-26 06:55,221.7203
2024-09-26 06:53,221.6813
2024-09-26 06:51,221.6465
2024-09-26 06:50,221.5992
2024-09-26 06:49,221.5707
2024-09-26 06:48,221.5483
2024-09-26 06:47,221.5293
2024-09-26 06:46,221.5215
2024-09-26 06:42,221.5147
2024-09-26 06:41,221.5057
2024-09-26 06:38,221.4973
2024-09-26 06:37,221.4835
2024-09-26 06:30,221.4795
2024-09-26 06:21,221.4728
2024-09-26 06:14,221.4677
2024-09-26 06:10,221.4640
2024-09-26 06:07,221.4578
2024-09-26 06:06,221.4515
2024-09-26 06:03,221.4408
2024-09-26 06:02,221.4298
2024-09-26 05:56,221.4188
2024-09-26 05:54,221.4128
2024-09-26 05:43,221.4047
2024-09-26 05:41,221.3993
2024-09-26 05:37,221.3940
2024-09-26 05:34,221.3851
2024-09-26 05:28,221.3773
2024-09-26 05:09,221.3706
2024-09-26 05:02,221.3613
2024-09-26 05:01,221.3595
2024-09-26 04:54,221.3573
2024-09-26 04:48,221.3525
2024-09-26 04:32,221.3490
2024-09-26 04:29,221.3455
2024-09-26 04:27,221.3412
2024-09-26 04:13,221.3374
2024-09-26 04:11,221.3335
2024-09-26 04:10,221.3297
2024-09-26 04:07,221.3259
2024-09-26 04:06,221.3257
2024-09-26 04:05,221.3162
2024-09-26 04:04,221.3059
2024-09-26 04:03,221.2960
2024-09-26 04:02,221.2852
2024-09-26 04:00,221.2772
2024-09-25 19:59,221.2709
2024-09-25 19:58,221.2680
2024-09-25 19:53,221.2624
2024-09-25 19:51,221.2600
2024-09-25 19:49,221.2608
2024-09-25 19:46,221.2618
2024-09-25 19:45,221.2587
2024-09-25 19:43,221.2559
2024-09-25 19:28,221.2530
2024-09-25 19:26,221.2539
2024-09-25 19:11,221.2494
2024-09-25 19:10,221.2502
2024-09-25 19:08,221.2460
2024-09-25 19:00,221.2471
2024-09-25 18:48,221.2471
2024-09-25 18:42,221.2485
2024-09-25 18:39,221.2460
2024-09-25 18:33,221.2456
2024-09-25 18:30,221.2451
2024-09-25 18:29,221.2414
2024-09-25 18:20,221.2422
2024-09-25 18:15,221.2412
2024-09-25 18:14,221.2358
2024-09-25 18:02,221.2303
2024-09-25 17:58,221.2197
2024-09-25 17:55,221.2062
2024-09-25 17:42,221.2006
2024-09-25 17:30,221.1887
2024-09-25 17:27,221.1796
2024-09-25 17:25,221.1681
2024-09-25 17:22,221.1567
2024-09-25 17:20,221.1436
2024-09-25 17:19,221.1349
2024-09-25 17:13,221.1279
2024-09-25 17:11,221.1207
2024-09-25 17:10,221.1145
2024-09-25 17:09,221.1090
2024-09-25 17:08,221.1016
2024-09-25 17:06,221.0973
2024-09-25 17:05,221.0943
2024-09-25 17:00,221.0903
2024-09-25 16:59,221.0861
2024-09-25 16:58,221.0816
2024-09-25 16:56,221.0786
2024-09-25 16:53,221.0769
2024-09-25 16:52,221.0747
2024-09-25 16:51,221.0723
2024-09-25 16:49,221.0683
2024-09-25 16:47,221.0638
2024-09-25 16:44,221.0606
2024-09-25 16:42,221.0579
2024-09-25 16:40,221.0557
2024-09-25 16:36,221.0541
2024-09-25 16:35,221.0531
2024-09-25 16:32,221.0506
2024-09-25 16:31,221.0499
2024-09-25 16:27,221.0509
2024-09-25 16:26,221.0510
2024-09-25 16:23,221.0528
2024-09-25 16:22,221.0561
2024-09-25 16:18,221.0598
2024-09-25 16:16,221.0618
2024-09-25 16:15,221.0646
2024-09-25 16:12,221.0675
2024-09-25 16:11,221.0683
2024-09-25 16:10,221.0681
2024-09-25 16:09,221.0728
2024-09-25 16:07,221.0734
2024-09-25 16:05,221.0756
2024-09-25 16:04,221.0784
2024-09-25 16:03,221.0818
2024-09-25 16:02,221.0843
2024-09-25 16:01,221.0858
2024-09-25 16:00,221.0872
2024-09-25 15:59,221.0892
2024-09-25 15:58,221.0898
2024-09-25 15:57,221.0920
2024-09-25 15:56,221.0952
2024-09-25 15:55,221.0988
2024-09-25 15:54,221.1004
2024-09-25 15:53,221.1026
2024-09-25 15:52,221.1068
2024-09-25 15:51,221.1100
2024-09-25 15:50,221.1123
2024-09-25 15:49,221.1190
2024-09-25 15:48,221.1279
2024-09-25 15:47,221.1371
2024-09-25 15:46,221.1453
2024-09-25 15:45,221.1519
2024-09-25 15:44,221.1593
2024-09-25 15:43,221.1664
2024-09-25 15:42,221.1739
2024-09-25 15:41,221.1818
2024-09-25 15:40,221.1878
2024-09-25 15:39,221.1944
2024-09-25 15:38,221.1998
2024-09-25 15:37,221.2046
2024-09-25 15:36,221.2082
2024-09-25 15:35,221.2116
2024-09-25 15:34,221.2134
2024-09-25 15:33,221.2159
2024-09-25 15:32,221.2168
2024-09-25 15:31,221.2184
2024-09-25 15:30,221.2199
2024-09-25 15:29,221.2203
2024-09-25 15:28,221.2194
2024-09-25 15:27,221.2201
2024-09-25 15:26,221.2206
2024-09-25 15:25,221.2221
2024-09-25 15:24,221.2212
2024-09-25 15:23,221.2199
2024-09-25 15:22,221.2179
2024-09-25 15:21,221.2152
2024-09-25 15:20,221.2118
2024-09-25 15:19,221.2092
2024-09-25 15:18,221.2043
2024-09-25 15:17,221.1990
2024-09-25 15:16,221.1928
2024-09-25 15:15,221.1844
2024-09-25 15:14,221.1746
2024-09-25 15:13,221.1651
2024-09-25 15:12,221.1564
2024-09-25 15:11,221.1501
2024-09-25 15:10,221.1424
2024-09-25 15:09,221.1352
2024-09-25 15:08,221.1291
2024-09-25 15:07,221.1228
2024-09-25 15:06,221.1175
2024-09-25 15:05,221.1117
2024-09-25 15:04,221.1065
2024-09-25 15:03,221.1003
2024-09-25 15:02,221.0950
2024-09-25 15:01,221.0933
2024-09-25 15:00,221.0914
2024-09-25 14:59,221.0911
2024-09-25 14:58,221.0925
2024-09-25 14:57,221.0940
2024-09-25 14:56,221.0953
2024-09-25 14:55,221.0973
2024-09-25 14:54,221.0983
2024-09-25 14:53,221.0990
2024-09-25 14:52,221.0990
2024-09-25 14:51,221.0986
2024-09-25 14:50,221.0994
2024-09-25 14:49,221.1008
2024-09-25 14:48,221.1000
2024-09-25 14:47,221.0971
2024-09-25 14:46,221.0950
2024-09-25 14:45,221.0931
2024-09-25 14:44,221.0913
2024-09-25 14:43,221.0884
2024-09-25 14:42,221.0841
2024-09-25 14:41,221.0781
2024-09-25 14:40,221.0726
2024-09-25 14:39,221.0674
2024-09-25 14:38,221.0653
2024-09-25 14:37,221.0622
2024-09-25 14:36,221.0594
2024-09-25 14:35,221.0554
2024-09-25 14:34,221.0513
2024-09-25 14:33,221.0461
2024-09-25 14:32,221.0429
2024-09-25 14:31,221.0405
2024-09-25 14:30,221.0392
2024-09-25 14:29,221.0388
2024-09-25 14:28,221.0389
2024-09-25 14:27,221.0395
2024-09-25 14:26,221.0406
2024-09-25 14:25,221.0394
2024-09-25 14:24,221.0412
2024-09-25 14:23,221.0424
2024-09-25 14:22,221.0458
2024-09-25 14:21,221.0487
2024-09-25 14:20,221.0519
2024-09-25 14:19,221.0564
2024-09-25 14:18,221.0595
2024-09-25 14:17,221.0632
2024-09-25 14:16,221.0692
2024-09-25 14:15,221.0747
2024-09-25 14:14,221.0802
2024-09-25 14:13,221.0855
2024-09-25 14:12,221.0869
2024-09-25 14:11,221.0879
2024-09-25 14:10,221.0908
2024-09-25 14:09,221.0924
2024-09-25 14:08,221.0963
2024-09-25 14:07,221.0998
2024-09-25 14:06,221.1009
2024-09-25 14:05,221.1011
2024-09-25 14:04,221.0983
2024-09-25 14:03,221.0971
2024-09-25 14:02,221.0941
2024-09-25 14:01,221.0873
2024-09-25 14:00,221.0812
2024-09-25 13:59,221.0762
2024-09-25 13:58,221.0727
2024-09-25 13:57,221.0681
2024-09-25 13:56,221.0634
2024-09-25 13:55,221.0576
2024-09-25 13:54,221.0576
2024-09-25 13:53,221.0557
2024-09-25 13:52,221.0537
2024-09-25 13:51,221.0508
2024-09-25 13:50,221.0476
2024-09-25 13:49,221.0451
2024-09-25 13:48,221.0445
2024-09-25 13:47,221.0455
2024-09-25 13:46,221.0464
2024-09-25 13:45,221.0471
2024-09-25 13:44,221.0466
2024-09-25 13:43,221.0464
2024-09-25 13:42,221.0481
2024-09-25 13:41,221.0506
2024-09-25 13:40,221.0533
2024-09-25 13:39,221.0579
2024-09-25 13:38,221.0599
2024-09-25 13:37,221.0619
2024-09-25 13:36,221.0651
2024-09-25 13:35,221.0702
2024-09-25 13:34,221.0750
2024-09-25 13:33,221.0802
2024-09-25 13:32,221.0842
2024-09-25 13:31,221.0863
2024-09-25 13:30,221.0876
2024-09-25 13:29,221.0881
2024-09-25 13:28,221.0895
2024-09-25 13:27,221.0901
2024-09-25 13:26,221.0906
2024-09-25 13:25,221.0930
2024-09-25 13:24,221.0930
2024-09-25 13:23,221.0917
2024-09-25 13:22,221.0873
2024-09-25 13:21,221.0843
2024-09-25 13:20,221.0811
2024-09-25 13:19,221.0778
2024-09-25 13:18,221.0759
2024-09-25 13:17,221.0760
2024-09-25 13:16,221.0795
2024-09-25 13:14,221.0857
2024-09-25 13:13,221.0947
2024-09-25 13:12,221.1047
2024-09-25 13:11,221.1162
2024-09-25 13:10,221.1278
2024-09-25 13:09,221.1391
2024-09-25 13:08,221.1491
2024-09-25 13:07,221.1554
2024-09-25 13:06,221.1588
2024-09-25 13:05,221.1616
2024-09-25 13:04,221.1658
2024-09-25 13:03,221.1702
2024-09-25 13:02,221.1737
2024-09-25 13:01,221.1817
2024-09-25 13:00,221.1905
2024-09-25 12:59,221.2017
2024-09-25 12:58,221.2078
2024-09-25 12:57,221.2121
2024-09-25 12:56,221.2188
2024-09-25 12:55,221.2242
2024-09-25 12:54,221.2289
2024-09-25 12:52,221.2299
2024-09-25 12:51,221.2343
2024-09-25 12:50,221.2380
2024-09-25 12:49,221.2445
2024-09-25 12:48,221.2515
2024-09-25 12:47,221.2553
2024-09-25 12:46,221.2583
2024-09-25 12:45,221.2627
2024-09-25 12:44,221.2698
2024-09-25 12:43,221.2775
2024-09-25 12:42,221.2855
2024-09-25 12:41,221.2959
2024-09-25 12:40,221.3049
2024-09-25 12:39,221.3141
2024-09-25 12:38,221.3226
2024-09-25 12:37,221.3281
2024-09-25 12:36,221.3343
2024-09-25 12:35,221.3401
2024-09-25 12:34,221.3448
2024-09-25 12:33,221.3478
2024-09-25 12:32,221.3501
2024-09-25 12:31,221.3540
2024-09-25 12:30,221.3570
2024-09-25 12:29,221.3611
2024-09-25 12:28,221.3622
2024-09-25 12:27,221.3642
2024-09-25 12:26,221.3665
2024-09-25 12:25,221.3689
2024-09-25 12:24,221.3730
2024-09-25 12:23,221.3798
2024-09-25 12:22,221.3880
2024-09-25 12:21,221.3975
2024-09-25 12:20,221.4068
2024-09-25 12:19,221.4161
2024-09-25 12:18,221.4249
2024-09-25 12:17,221.4336
2024-09-25 12:16,221.4415
2024-09-25 12:15,221.4460
2024-09-25 12:14,221.4448
2024-09-25 12:13,221.4435
2024-09-25 12:12,221.4405
2024-09-25 12:11,221.4358
2024-09-25 12:10,221.4336
2024-09-25 12:09,221.4297
2024-09-25 12:08,221.4275
2024-09-25 12:07,221.4263
2024-09-25 12:06,221.4263
2024-09-25 12:05,221.4345
2024-09-25 12:04,221.4441
2024-09-25 12:03,221.4530
2024-09-25 12:02,221.4613
2024-09-25 12:01,221.4685
2024-09-25 12:00,221.4736
2024-09-25 11:59,221.4758
2024-09-25 11:58,221.4765
2024-09-25 11:57,221.4779
2024-09-25 11:56,221.4795
2024-09-25 11:55,221.4802
2024-09-25 11:54,221.4822
2024-09-25 11:53,221.4849
2024-09-25 11:52,221.4880
2024-09-25 11:51,221.4872
2024-09-25 11:50,221.4865
2024-09-25 11:49,221.4845
2024-09-25 11:48,221.4812
2024-09-25 11:47,221.4798
2024-09-25 11:46,221.4780
2024-09-25 11:45,221.4762
2024-09-25 11:44,221.4741
2024-09-25 11:43,221.4732
2024-09-25 11:42,221.4709
2024-09-25 11:41,221.4642
2024-09-25 11:40,221.4577
2024-09-25 11:39,221.4522
2024-09-25 11:38,221.4496
2024-09-25 11:37,221.4475
2024-09-25 11:36,221.4457
2024-09-25 11:35,221.4430
2024-09-25 11:34,221.4424
2024-09-25 11:33,221.4437
2024-09-25 11:32,221.4429
2024-09-25 11:31,221.4419
2024-09-25 11:30,221.4410
2024-09-25 11:29,221.4409
2024-09-25 11:28,221.4443
2024-09-25 11:27,221.4464
2024-09-25 11:26,221.4474
2024-09-25 11:25,221.4463
2024-09-25 11:24,221.4454
2024-09-25 11:23,221.4389
2024-09-25 11:22,221.4332
2024-09-25 11:21,221.4285
2024-09-25 11:20,221.4260
2024-09-25 11:19,221.4225
2024-09-25 11:18,221.4223
2024-09-25 11:17,221.4224
2024-09-25 11:16,221.4243
2024-09-25 11:15,221.4272
2024-09-25 11:14,221.4297
2024-09-25 11:13,221.4273
2024-09-25 11:12,221.4243
2024-09-25 11:11,221.4227
2024-09-25 11:10,221.4173
2024-09-25 11:09,221.4164
2024-09-25 11:08,221.4083
2024-09-25 11:07,221.4042
2024-09-25 11:06,221.3973
2024-09-25 11:05,221.3815
2024-09-25 11:04,221.3658
2024-09-25 11:03,221.3468
2024-09-25 11:02,221.3310
2024-09-25 11:01,221.3119
2024-09-25 11:00,221.2900
2024-09-25 10:59,221.2688
2024-09-25 10:58,221.2471
2024-09-25 10:57,221.2285
2024-09-25 10:56,221.2098
2024-09-25 10:55,221.1921
2024-09-25 10:54,221.1726
2024-09-25 10:53,221.1579
2024-09-25 10:52,221.1415
2024-09-25 10:51,221.1316
2024-09-25 10:50,221.1197
2024-09-25 10:49,221.1038
2024-09-25 10:48,221.0929
2024-09-25 10:47,221.0843
2024-09-25 10:46,221.0737
2024-09-25 10:45,221.0628
2024-09-25 10:44,221.0498
2024-09-25 10:43,221.0402
2024-09-25 10:42,221.0350
2024-09-25 10:41,221.0339
2024-09-25 10:40,221.0364
2024-09-25 10:39,221.0340
2024-09-25 10:38,221.0258
2024-09-25 10:37,221.0188
2024-09-25 10:36,221.0113
2024-09-25 10:35,221.0104
2024-09-25 10:34,221.0066
2024-09-25 10:33,220.9996
2024-09-25 10:32,220.9950
2024-09-25 10:31,220.9958
2024-09-25 10:30,220.9976
2024-09-25 10:29,220.9917
2024-09-25 10:28,220.9846
2024-09-25 10:27,220.9776
2024-09-25 10:26,220.9686
2024-09-25 10:25,220.9672
2024-09-25 10:24,220.9569
2024-09-25 10:23,220.9492
2024-09-25 10:22,220.9409
2024-09-25 10:21,220.9384
2024-09-25 10:20,220.9287
2024-09-25 10:19,220.9236
2024-09-25 10:18,220.9152
2024-09-25 10:17,220.9062
2024-09-25 10:16,220.8967
2024-09-25 10:15,220.8884
2024-09-25 10:14,220.8832
2024-09-25 10:13,220.8787
2024-09-25 10:12,220.8712
2024-09-25 10:11,220.8625
2024-09-25 10:10,220.8572
2024-09-25 10:09,220.8518
2024-09-25 10:08,220.8496
2024-09-25 10:07,220.8426
2024-09-25 10:06,220.8341
2024-09-25 10:05,220.8283
2024-09-25 10:04,220.8228
2024-09-25 10:03,220.8228
2024-09-25 10:02,220.8231
2024-09-25 10:01,220.8293
2024-09-25 10:00,220.8395
2024-09-25 09:59,220.8445
2024-09-25 09:58,220.8566
2024-09-25 09:57,220.8650
2024-09-25 09:56,220.8728
2024-09-25 09:55,220.8793
2024-09-25 09:54,220.8871
2024-09-25 09:53,220.8904
2024-09-25 09:52,220.8955
2024-09-25 09:51,220.8955
2024-09-25 09:50,220.8974
2024-09-25 09:49,220.9034
2024-09-25 09:48,220.8996
2024-09-25 09:47,220.8951
2024-09-25 09:46,220.9003
2024-09-25 09:45,220.9046
2024-09-25 09:44,220.9087
2024-09-25 09:43,220.9081
2024-09-25 09:42,220.9056
2024-09-25 09:41,220.8927
2024-09-25 09:40,220.8861
2024-09-25 09:39,220.8803
2024-09-25 09:38,220.8776
2024-09-25 09:37,220.8755
2024-09-25 09:35,220.8647
2024-09-25 09:34,220.8498
2024-09-25 09:33,220.8307
2024-09-25 09:32,220.8187
2024-09-25 09:31,220.8025
2024-09-25 09:30,220.7863
2024-09-25 09:29,220.7755
2024-09-25 09:28,220.7663
2024-09-25 09:27,220.7562
2024-09-25 09:26,220.7453
2024-09-25 09:25,220.7287
2024-09-25 09:22,220.7085
2024-09-25 09:19,220.6987
2024-09-25 09:18,220.6882
2024-09-25 09:16,220.6722
2024-09-25 09:13,220.6522
2024-09-25 09:07,220.6393
2024-09-25 09:05,220.6243
2024-09-25 09:04,220.6003
2024-09-25 09:03,220.5920
2024-09-25 08:59,220.5802
2024-09-25 08:58,220.5708
2024-09-25 08:52,220.5516
2024-09-25 08:51,220.5400
2024-09-25 08:48,220.5370
2024-09-25 08:41,220.5298
2024-09-25 08:38,220.5210
2024-09-25 08:37,220.5208
2024-09-25 08:36,220.5233
2024-09-25 08:30,220.5262
2024-09-25 08:25,220.5355
2024-09-25 08:24,220.5388
2024-09-25 08:18,220.5422
2024-09-25 08:12,220.5495
2024-09-25 08:03,220.5553
2024-09-25 08:02,220.5578
2024-09-25 08:01,220.5568
2024-09-25 08:00,220.5652
2024-09-25 07:53,220.5642
2024-09-25 07:51,220.5614
2024-09-25 07:43,220.5634
2024-09-25 07:42,220.5672
2024-09-25 07:34,220.5710
2024-09-25 07:23,220.5715
2024-09-25 07:22,220.5734
2024-09-25 07:20,220.5752
2024-09-25 07:19,220.5780
2024-09-25 07:16,220.5829
2024-09-25 07:07,220.5939
2024-09-25 07:06,220.6019
2024-09-25 07:00,220.6037
2024-09-25 06:59,220.6044
2024-09-25 06:55,220.6057
2024-09-25 06:53,220.6085
2024-09-25 06:35,220.6055
2024-09-25 06:31,220.6154
2024-09-25 06:06,220.6162
2024-09-25 06:04,220.6202
2024-09-25 05:54,220.6207
2024-09-25 05:23,220.6227
2024-09-25 05:21,220.6330
2024-09-25 05:17,220.6427
2024-09-25 05:10,220.6575
2024-09-25 05:02,220.6518
2024-09-25 05:01,220.6673
2024-09-25 05:00,220.6702
2024-09-25 04:59,220.6738
2024-09-25 04:57,220.6830
2024-09-25 04:55,220.6935
2024-09-25 04:52,220.7047
2024-09-25 04:43,220.7068
2024-09-25 04:41,220.7120
2024-09-25 04:39,220.7250
2024-09-25 04:34,220.7388
2024-09-25 04:32,220.7588
2024-09-25 04:30,220.7762
2024-09-25 04:28,220.7860
2024-09-25 04:25,220.8002
2024-09-25 04:23,220.8240
2024-09-25 04:18,220.8345
2024-09-25 04:15,220.8483
2024-09-25 04:13,220.8558
2024-09-25 04:12,220.8712
2024-09-25 04:11,220.8830
2024-09-25 04:10,220.8897
2024-09-25 04:03,220.9005
2024-09-25 04:02,220.9117
2024-09-25 04:01,220.9120
2024-09-25 04:00,220.9142
2024-09-24 19:59,220.9165
2024-09-24 19:54,220.9160
2024-09-24 19:53,220.9204
2024-09-24 19:47,220.9214
2024-09-24 19:38,220.9148
2024-09-24 19:14,220.9083
2024-09-24 19:13,220.9044
2024-09-24 19:11,220.8996
2024-09-24 19:10,220.8916
2024-09-24 19:08,220.8851
2024-09-24 19:00,220.8823
2024-09-24 18:58,220.8750
2024-09-24 18:57,220.8647
2024-09-24 18:48,220.8532
2024-09-24 18:39,220.8452
2024-09-24 18:38,220.8353
2024-09-24 18:30,220.8245
2024-09-24 18:24,220.8137
2024-09-24 18:20,220.8010
2024-09-24 18:16,220.7887
2024-09-24 18:15,220.7789
2024-09-24 18:13,220.7689
2024-09-24 17:59,220.7602
2024-09-24 17:49,220.7507
2024-09-24 17:37,220.7409
2024-09-24 17:36,220.7361
2024-09-24 17:34,220.7274
2024-09-24 17:25,220.7179
2024-09-24 17:23,220.7069
2024-09-24 17:17,220.6997
2024-09-24 17:15,220.6888
2024-09-24 17:01,220.6776
2024-09-24 16:53,220.6679
2024-09-24 16:52,220.6577
2024-09-24 16:50,220.6620
2024-09-24 16:43,220.6505
2024-09-24 16:38,220.6459
2024-09-24 16:35,220.6339
2024-09-24 16:34,220.6212
2024-09-24 16:31,220.6096
2024-09-24 16:29,220.5982
2024-09-24 16:22,220.6046
2024-09-24 16:19,220.6062
2024-09-24 16:17,220.5971
2024-09-24 16:16,220.5876
2024-09-24 16:15,220.5786
2024-09-24 16:14,220.5702
2024-09-24 16:12,220.5677
2024-09-24 16:10,220.5568
2024-09-24 16:09,220.5475
2024-09-24 16:08,220.5336
2024-09-24 16:05,220.5205
2024-09-24 16:04,220.5085
2024-09-24 16:03,220.4965
2024-09-24 16:02,220.4800
2024-09-24 16:01,220.4640
2024-09-24 16:00,220.4480
2024-09-24 15:59,220.4330
2024-09-24 15:58,220.4178
2024-09-24 15:57,220.4010
2024-09-24 15:56,220.3853
2024-09-24 15:55,220.3697
2024-09-24 15:54,220.3545
2024-09-24 15:53,220.3418
2024-09-24 15:52,220.3296
2024-09-24 15:51,220.3178
2024-09-24 15:50,220.3063
2024-09-24 15:49,220.2956
2024-09-24 15:48,220.2866
2024-09-24 15:47,220.2791
2024-09-24 15:46,220.2726
2024-09-24 15:45,220.2637
2024-09-24 15:44,220.2564
2024-09-24 15:43,220.2513
2024-09-24 15:42,220.2445
2024-09-24 15:41,220.2386
2024-09-24 15:40,220.2336
2024-09-24 15:39,220.2256
2024-09-24 15:38,220.2166
2024-09-24 15:37,220.2057
2024-09-24 15:36,220.1910
2024-09-24 15:35,220.1754
2024-09-24 15:34,220.1572
2024-09-24 15:33,220.1391
2024-09-24 15:32,220.1200
2024-09-24 15:31,220.1009
2024-09-24 15:30,220.0813
2024-09-24 15:29,220.0621
2024-09-24 15:28,220.0483
2024-09-24 15:27,220.0354
2024-09-24 15:26,220.0235
2024-09-24 15:25,220.0102
2024-09-24 15:24,219.9974
2024-09-24 15:23,219.9867
2024-09-24 15:22,219.9754
2024-09-24 15:21,219.9657
2024-09-24 15:20,219.9572
2024-09-24 15:19,219.9503
2024-09-24 15:18,219.9430
2024-09-24 15:17,219.9346
2024-09-24 15:16,219.9256
2024-09-24 15:15,219.9174
2024-09-24 15:14,219.9091
2024-09-24 15:13,219.9018
2024-09-24 15:12,219.8940
2024-09-24 15:11,219.8866
2024-09-24 15:10,219.8811
2024-09-24 15:09,219.8753
2024-09-24 15:08,219.8706
2024-09-24 15:07,219.8638
2024-09-24 15:06,219.8591
2024-09-24 15:05,219.8536
2024-09-24 15:04,219.8502
2024-09-24 15:03,219.8449
2024-09-24 15:02,219.8475
2024-09-24 15:01,219.8510
2024-09-24 15:00,219.8538
2024-09-24 14:59,219.8593
2024-09-24 14:58,219.8640
2024-09-24 14:57,219.8684
2024-09-24 14:56,219.8706
2024-09-24 14:55,219.8749
2024-09-24 14:54,219.8809
2024-09-24 14:53,219.8882
2024-09-24 14:52,219.8954
2024-09-24 14:51,219.9029
2024-09-24 14:50,219.9089
2024-09-24 14:49,219.9160
2024-09-24 14:48,219.9234
2024-09-24 14:47,219.9274
2024-09-24 14:46,219.9301
2024-09-24 14:45,219.9352
2024-09-24 14:44,219.9395
2024-09-24 14:43,219.9438
2024-09-24 14:42,219.9498
2024-09-24 14:41,219.9559
2024-09-24 14:40,219.9609
2024-09-24 14:39,219.9709
2024-09-24 14:38,219.9806
2024-09-24 14:37,219.9913
2024-09-24 14:36,220.0036
2024-09-24 14:35,220.0190
2024-09-24 14:34,220.0371
2024-09-24 14:33,220.0559
2024-09-24 14:32,220.0757
2024-09-24 14:31,220.0957
2024-09-24 14:30,220.1161
2024-09-24 14:29,220.1381
2024-09-24 14:28,220.1541
2024-09-24 14:27,220.1696
2024-09-24 14:26,220.1842
2024-09-24 14:25,220.2002
2024-09-24 14:24,220.2150
2024-09-24 14:23,220.2285
2024-09-24 14:22,220.2446
2024-09-24 14:21,220.2589
2024-09-24 14:20,220.2728
2024-09-24 14:19,220.2859
2024-09-24 14:18,220.3014
2024-09-24 14:17,220.3169
2024-09-24 14:16,220.3337
2024-09-24 14:15,220.3483
2024-09-24 14:14,220.3644
2024-09-24 14:13,220.3806
2024-09-24 14:12,220.3968
2024-09-24 14:11,220.4121
2024-09-24 14:10,220.4252
2024-09-24 14:09,220.4377
2024-09-24 14:08,220.4504
2024-09-24 14:07,220.4640
2024-09-24 14:06,220.4771
2024-09-24 14:05,220.4895
2024-09-24 14:04,220.5012
2024-09-24 14:03,220.5146
2024-09-24 14:02,220.5262
2024-09-24 14:01,220.5363
2024-09-24 14:00,220.5467
2024-09-24 13:59,220.5511
2024-09-24 13:58,220.5554
2024-09-24 13:57,220.5604
2024-09-24 13:56,220.5643
2024-09-24 13:55,220.5673
2024-09-24 13:54,220.5696
2024-09-24 13:53,220.5701
2024-09-24 13:52,220.5725
2024-09-24 13:51,220.5742
2024-09-24 13:50,220.5781
2024-09-24 13:49,220.5817
2024-09-24 13:48,220.5833
2024-09-24 13:47,220.5854
2024-09-24 13:46,220.5866
2024-09-24 13:45,220.5892
2024-09-24 13:44,220.5922
2024-09-24 13:43,220.5936
2024-09-24 13:42,220.5942
2024-09-24 13:41,220.5946
2024-09-24 13:40,220.5960
2024-09-24 13:39,220.5953
2024-09-24 13:38,220.5947
2024-09-24 13:37,220.5936
2024-09-24 13:36,220.5943
2024-09-24 13:35,220.5928
2024-09-24 13:34,220.5910
2024-09-24 13:33,220.5905
2024-09-24 13:32,220.5890
2024-09-24 13:31,220.5867
2024-09-24 13:30,220.5830
2024-09-24 13:29,220.5784
2024-09-24 13:28,220.5761
2024-09-24 13:27,220.5729
2024-09-24 13:26,220.5714
2024-09-24 13:25,220.5684
2024-09-24 13:24,220.5660
2024-09-24 13:23,220.5651
2024-09-24 13:22,220.5630
2024-09-24 13:21,220.5621
2024-09-24 13:20,220.5604
2024-09-24 13:19,220.5606
2024-09-24 13:18,220.5591
2024-09-24 13:17,220.5552
2024-09-24 13:16,220.5505
2024-09-24 13:15,220.5439
2024-09-24 13:14,220.5354
2024-09-24 13:13,220.5281
2024-09-24 13:12,220.5201
2024-09-24 13:11,220.5120
2024-09-24 13:10,220.5033
2024-09-24 13:09,220.4957
2024-09-24 13:08,220.4876
2024-09-24 13:07,220.4793
2024-09-24 13:06,220.4726
2024-09-24 13:05,220.4670
2024-09-24 13:04,220.4601
2024-09-24 13:03,220.4535
2024-09-24 13:02,220.4439
2024-09-24 13:01,220.4377
2024-09-24 13:00,220.4315
2024-09-24 12:59,220.4263
2024-09-24 12:58,220.4210
2024-09-24 12:57,220.4187
2024-09-24 12:56,220.4181
2024-09-24 12:55,220.4176
2024-09-24 12:54,220.4188
2024-09-24 12:53,220.4218
2024-09-24 12:52,220.4226
2024-09-24 12:51,220.4190
2024-09-24 12:50,220.4125
2024-09-24 12:49,220.4057
2024-09-24 12:48,220.4015
2024-09-24 12:47,220.3977
2024-09-24 12:46,220.3966
2024-09-24 12:45,220.3964
2024-09-24 12:44,220.3941
2024-09-24 12:43,220.3933
2024-09-24 12:42,220.3913
2024-09-24 12:41,220.3878
2024-09-24 12:40,220.3833
2024-09-24 12:39,220.3823
2024-09-24 12:38,220.3832
2024-09-24 12:37,220.3899
2024-09-24 12:36,220.3960
2024-09-24 12:35,220.4029
2024-09-24 12:34,220.4093
2024-09-24 12:33,220.4153
2024-09-24 12:32,220.4251
2024-09-24 12:31,220.4352
2024-09-24 12:30,220.4459
2024-09-24 12:29,220.4550
2024-09-24 12:28,220.4632
2024-09-24 12:27,220.4713
2024-09-24 12:26,220.4781
2024-09-24 12:25,220.4871
2024-09-24 12:24,220.4950
2024-09-24 12:23,220.5034
2024-09-24 12:22,220.5107
2024-09-24 12:21,220.5182
2024-09-24 12:20,220.5257
2024-09-24 12:19,220.5324
2024-09-24 12:18,220.5395
2024-09-24 12:17,220.5483
2024-09-24 12:16,220.5571
2024-09-24 12:15,220.5674
2024-09-24 12:14,220.5764
2024-09-24 12:13,220.5833
2024-09-24 12:12,220.5942
2024-09-24 12:11,220.6047
2024-09-24 12:10,220.6153
2024-09-24 12:09,220.6234
2024-09-24 12:08,220.6294
2024-09-24 12:07,220.6364
2024-09-24 12:06,220.6414
2024-09-24 12:05,220.6506
2024-09-24 12:04,220.6568
2024-09-24 12:03,220.6625
2024-09-24 12:02,220.6688
2024-09-24 12:01,220.6718
2024-09-24 12:00,220.6780
2024-09-24 11:59,220.6871
2024-09-24 11:58,220.6970
2024-09-24 11:57,220.7056
2024-09-24 11:56,220.7134
2024-09-24 11:55,220.7204
2024-09-24 11:54,220.7271
2024-09-24 11:53,220.7323
2024-09-24 11:52,220.7370
2024-09-24 11:51,220.7411
2024-09-24 11:50,220.7443
2024-09-24 11:49,220.7484
2024-09-24 11:48,220.7498
2024-09-24 11:47,220.7514
2024-09-24 11:46,220.7541
2024-09-24 11:45,220.7557
2024-09-24 11:44,220.7579
2024-09-24 11:43,220.7603
2024-09-24 11:42,220.7650
2024-09-24 11:41,220.7678
2024-09-24 11:40,220.7700
2024-09-24 11:39,220.7668
2024-09-24 11:38,220.7601
2024-09-24 11:37,220.7458
2024-09-24 11:36,220.7311
2024-09-24 11:35,220.7158
2024-09-24 11:34,220.6992
2024-09-24 11:33,220.6798
2024-09-24 11:32,220.6594
2024-09-24 11:31,220.6425
2024-09-24 11:30,220.6276
2024-09-24 11:29,220.6100
2024-09-24 11:28,220.5918
2024-09-24 11:27,220.5700
2024-09-24 11:26,220.5463
2024-09-24 11:25,220.5245
2024-09-24 11:24,220.5024
2024-09-24 11:23,220.4760
2024-09-24 11:22,220.4506
2024-09-24 11:21,220.4270
2024-09-24 11:20,220.4041
2024-09-24 11:19,220.3811
2024-09-24 11:18,220.3566
2024-09-24 11:17,220.3287
2024-09-24 11:16,220.3012
2024-09-24 11:15,220.2755
2024-09-24 11:14,220.2499
2024-09-24 11:13,220.2246
2024-09-24 11:12,220.1964
2024-09-24 11:11,220.1687
2024-09-24 11:10,220.1405
2024-09-24 11:09,220.1188
2024-09-24 11:08,220.0965
2024-09-24 11:07,220.0717
2024-09-24 11:06,220.0437
2024-09-24 11:05,220.0146
2024-09-24 11:04,219.9872
2024-09-24 11:03,219.9552
2024-09-24 11:02,219.9247
2024-09-24 11:01,219.8955
2024-09-24 11:00,219.8633
2024-09-24 10:59,219.8263
2024-09-24 10:58,219.7940
2024-09-24 10:57,219.7591
2024-09-24 10:56,219.7276
2024-09-24 10:55,219.6923
2024-09-24 10:54,219.6566
2024-09-24 10:53,219.6231
2024-09-24 10:52,219.5876
2024-09-24 10:51,219.5556
2024-09-24 10:50,219.5238
2024-09-24 10:49,219.4979
2024-09-24 10:48,219.4707
2024-09-24 10:47,219.4453
2024-09-24 10:46,219.4166
2024-09-24 10:45,219.3925
2024-09-24 10:44,219.3659
2024-09-24 10:43,219.3384
2024-09-24 10:42,219.3108
2024-09-24 10:41,219.2842
2024-09-24 10:40,219.2605
2024-09-24 10:39,219.2318
2024-09-24 10:38,219.2023
2024-09-24 10:37,219.1782
2024-09-24 10:36,219.1632
2024-09-24 10:35,219.1468
2024-09-24 10:34,219.1348
2024-09-24 10:33,219.1209
2024-09-24 10:32,219.1049
2024-09-24 10:31,219.0868
2024-09-24 10:30,219.0748
2024-09-24 10:29,219.0568
2024-09-24 10:28,219.0587
2024-09-24 10:27,219.0738
2024-09-24 10:26,219.0882
2024-09-24 10:25,219.1004
2024-09-24 10:24,219.1201
2024-09-24 10:23,219.1344
2024-09-24 10:22,219.1491
2024-09-24 10:21,219.1608
2024-09-24 10:20,219.1717
2024-09-24 10:19,219.1814
2024-09-24 10:18,219.1920
2024-09-24 10:17,219.2069
2024-09-24 10:16,219.2212
2024-09-24 10:15,219.2345
2024-09-24 10:14,219.2482
2024-09-24 10:13,219.2606
2024-09-24 10:12,219.2714
2024-09-24 10:11,219.2835
2024-09-24 10:10,219.2966
2024-09-24 10:09,219.3069
2024-09-24 10:08,219.3214
2024-09-24 10:07,219.3371
2024-09-24 10:06,219.3571
2024-09-24 10:05,219.3738
2024-09-24 10:04,219.3930
2024-09-24 10:03,219.4179
2024-09-24 10:02,219.4404
2024-09-24 10:01,219.4658
2024-09-24 10:00,219.4888
2024-09-24 09:59,219.5145
2024-09-24 09:58,219.5349
2024-09-24 09:57,219.5557
2024-09-24 09:56,219.5750
2024-09-24 09:55,219.6018
2024-09-24 09:54,219.6203
2024-09-24 09:53,219.6455
2024-09-24 09:52,219.6742
2024-09-24 09:51,219.7042
2024-09-24 09:50,219.7291
2024-09-24 09:49,219.7551
2024-09-24 09:48,219.7841
2024-09-24 09:47,219.8122
2024-09-24 09:46,219.8360
2024-09-24 09:45,219.8510
2024-09-24 09:44,219.8709
2024-09-24 09:43,219.8902
2024-09-24 09:42,219.9142
2024-09-24 09:41,219.9406
2024-09-24 09:40,219.9661
2024-09-24 09:39,220.0007
2024-09-24 09:38,220.0389
2024-09-24 09:37,220.0742
2024-09-24 09:36,220.1008
2024-09-24 09:35,220.1312
2024-09-24 09:34,220.1572
2024-09-24 09:33,220.1861
2024-09-24 09:32,220.2158
2024-09-24 09:31,220.2440
2024-09-24 09:30,220.2648
2024-09-24 09:29,220.2954
2024-09-24 09:28,220.3096
2024-09-24 09:27,220.3143
2024-09-24 09:26,220.3194
2024-09-24 09:24,220.3259
2024-09-24 09:23,220.3231
2024-09-24 09:20,220.3274
2024-09-24 09:19,220.3316
2024-09-24 09:18,220.3359
2024-09-24 09:16,220.3389
2024-09-24 09:15,220.3449
2024-09-24 09:13,220.3479
2024-09-24 09:12,220.3539
2024-09-24 09:11,220.3599
2024-09-24 09:09,220.3644
2024-09-24 09:07,220.3699
2024-09-24 09:06,220.3761
2024-09-24 09:05,220.3870
2024-09-24 09:04,220.3952
2024-09-24 09:03,220.4040
2024-09-24 08:59,220.4120
2024-09-24 08:56,220.4208
2024-09-24 08:53,220.4293
2024-09-24 08:51,220.4390
2024-09-24 08:48,220.4525
2024-09-24 08:47,220.4653
2024-09-24 08:45,220.4772
2024-09-24 08:44,220.4943
2024-09-24 08:43,220.5040
2024-09-24 08:40,220.5165
2024-09-24 08:38,220.5297
2024-09-24 08:37,220.5465
2024-09-24 08:36,220.5597
2024-09-24 08:30,220.5718
2024-09-24 08:28,220.5802
2024-09-24 08:25,220.5960
2024-09-24 08:24,220.6050
2024-09-24 08:22,220.6130
2024-09-24 08:21,220.6185
2024-09-24 08:20,220.6305
2024-09-24 08:19,220.6387
2024-09-24 08:18,220.6468
2024-09-24 08:16,220.6548
2024-09-24 08:14,220.6677
2024-09-24 08:13,220.6835
2024-09-24 08:12,220.6967
2024-09-24 08:11,220.7115
2024-09-24 08:10,220.7213
2024-09-24 08:07,220.7308
2024-09-24 08:06,220.7373
2024-09-24 08:05,220.7420
2024-09-24 08:02,220.7472
2024-09-24 08:00,220.7545
2024-09-24 07:56,220.7557
2024-09-24 07:53,220.7585
2024-09-24 07:52,220.7625
2024-09-24 07:51,220.7622
2024-09-24 07:46,220.7615
2024-09-24 07:41,220.7570
2024-09-24 07:39,220.7550
2024-09-24 07:37,220.7530
2024-09-24 07:36,220.7475
2024-09-24 07:33,220.7447
2024-09-24 07:32,220.7442
2024-09-24 07:22,220.7407
2024-09-24 07:16,220.7403
2024-09-24 07:15,220.7387
2024-09-24 07:14,220.7372
2024-09-24 07:09,220.7356
2024-09-24 07:08,220.7367
2024-09-24 07:07,220.7345
2024-09-24 07:05,220.7349
2024-09-24 07:04,220.7324
2024-09-24 07:03,220.7304
2024-09-24 07:02,220.7260
2024-09-24 07:01,220.7219
2024-09-24 07:00,220.7216
2024-09-24 06:59,220.7189
2024-09-24 06:58,220.7164
2024-09-24 06:49,220.7106
2024-09-24 06:48,220.7052
2024-09-24 06:29,220.6989
2024-09-24 06:28,220.6927
2024-09-24 06:21,220.6857
2024-09-24 06:04,220.6752
2024-09-24 05:57,220.6654
2024-09-24 05:43,220.6579
2024-09-24 05:38,220.6457
2024-09-24 05:29,220.6377
2024-09-24 05:22,220.6287
2024-09-24 05:18,220.6204
2024-09-24 05:11,220.6071
2024-09-24 05:01,220.5957
2024-09-24 04:50,220.5849
2024-09-24 04:46,220.5759
2024-09-24 04:44,220.5672
2024-09-24 04:43,220.5577
2024-09-24 04:41,220.5502
2024-09-24 04:37,220.5414
2024-09-24 04:35,220.5326
2024-09-24 04:33,220.5239
2024-09-24 04:32,220.5133
2024-09-24 04:30,220.5016
2024-09-24 04:29,220.4941
2024-09-24 04:20,220.4839
2024-09-24 04:17,220.4779
2024-09-24 04:16,220.4704
2024-09-24 04:12,220.4628
2024-09-24 04:11,220.4523
2024-09-24 04:07,220.4465
2024-09-24 04:05,220.4410
2024-09-24 04:03,220.4325
2024-09-24 04:02,220.4210
2024-09-24 04:01,220.4160
2024-09-24 04:00,220.4110
2024-09-23 19:59,220.4030
2024-09-23 19:57,220.4005
2024-09-23 19:48,220.3979
2024-09-23 19:47,220.3980
2024-09-23 19:46,220.3992
2024-09-23 19:39,220.3992
2024-09-23 19:37,220.4005
2024-09-23 19:35,220.4009
2024-09-23 19:33,220.4010
2024-09-23 19:32,220.4027
2024-09-23 19:26,220.3989
2024-09-23 19:25,220.4005
2024-09-23 19:23,220.4016
2024-09-23 19:22,220.4030
2024-09-23 19:21,220.4032
2024-09-23 19:20,220.3979
2024-09-23 19:19,220.3955
2024-09-23 19:13,220.3959
2024-09-23 19:06,220.3957
2024-09-23 19:02,220.3824
2024-09-23 19:01,220.3855
2024-09-23 19:00,220.3823
2024-09-23 18:57,220.3818
2024-09-23 18:55,220.3818
2024-09-23 18:52,220.3598
2024-09-23 18:50,220.3585
2024-09-23 18:49,220.3638
2024-09-23 18:48,220.3691
2024-09-23 18:45,220.3736
2024-09-23 18:44,220.3785
2024-09-23 18:43,220.3803
2024-09-23 18:42,220.3728
2024-09-23 18:38,220.3480
2024-09-23 18:37,220.3480
2024-09-23 18:30,220.3453
2024-09-23 18:26,220.3456
2024-09-23 18:20,220.3470
2024-09-23 18:19,220.3500
2024-09-23 18:17,220.3531
2024-09-23 18:13,220.3545
2024-09-23 18:12,220.3556
2024-09-23 18:11,220.3560
2024-09-23 18:09,220.3565
2024-09-23 18:06,220.3609
2024-09-23 18:02,220.3639
2024-09-23 17:58,220.3653
2024-09-23 17:55,220.3677
2024-09-23 17:47,220.3701
2024-09-23 17:44,220.3695
2024-09-23 17:42,220.3692
2024-09-23 17:41,220.3664
2024-09-23 17:40,220.3637
2024-09-23 17:36,220.3610
2024-09-23 17:34,220.3613
2024-09-23 17:33,220.3584
2024-09-23 17:31,220.3544
2024-09-23 17:25,220.3516
2024-09-23 17:20,220.3501
2024-09-23 17:19,220.3483
2024-09-23 17:14,220.3445
2024-09-23 17:11,220.3436
2024-09-23 17:09,220.3428
2024-09-23 17:08,220.3421
2024-09-23 17:03,220.3423
2024-09-23 17:02,220.3388
2024-09-23 16:59,220.3364
2024-09-23 16:55,220.3349
2024-09-23 16:52,220.3303
2024-09-23 16:45,220.3241
2024-09-23 16:44,220.3176
2024-09-23 16:42,220.3172
2024-09-23 16:41,220.3118
2024-09-23 16:40,220.3065
2024-09-23 16:38,220.3000
2024-09-23 16:37,220.2937
2024-09-23 16:36,220.2950
2024-09-23 16:35,220.2941
2024-09-23 16:34,220.2897
2024-09-23 16:32,220.2869
2024-09-23 16:31,220.2998
2024-09-23 16:25,220.2956
2024-09-23 16:23,220.2944
2024-09-23 16:21,220.2891
2024-09-23 16:20,220.2835
2024-09-23 16:19,220.3020
2024-09-23 16:17,220.2993
2024-09-23 16:16,220.2890
2024-09-23 16:15,220.2785
2024-09-23 16:14,220.2679
2024-09-23 16:12,220.2557
2024-09-23 16:11,220.2450
2024-09-23 16:10,220.2425
2024-09-23 16:08,220.2574
2024-09-23 16:06,220.2499
2024-09-23 16:05,220.2460
2024-09-23 16:04,220.2385
2024-09-23 16:03,220.2320
2024-09-23 16:02,220.2243
2024-09-23 16:01,220.2171
2024-09-23 16:00,220.2098
2024-09-23 15:59,220.2035
2024-09-23 15:58,220.1988
2024-09-23 15:57,220.1933
2024-09-23 15:56,220.1872
2024-09-23 15:55,220.1837
2024-09-23 15:54,220.1772
2024-09-23 15:53,220.1697
2024-09-23 15:52,220.1638
2024-09-23 15:51,220.1566
2024-09-23 15:50,220.1539
2024-09-23 15:49,220.1499
2024-09-23 15:48,220.1453
2024-09-23 15:47,220.1410
2024-09-23 15:46,220.1368
2024-09-23 15:45,220.1344
2024-09-23 15:44,220.1307
2024-09-23 15:43,220.1288
2024-09-23 15:42,220.1261
2024-09-23 15:41,220.1242
2024-09-23 15:40,220.1185
2024-09-23 15:39,220.1134
2024-09-23 15:38,220.1084
2024-09-23 15:37,220.1021
2024-09-23 15:36,220.0963
2024-09-23 15:35,220.0904
2024-09-23 15:34,220.0844
2024-09-23 15:33,220.0779
2024-09-23 15:32,220.0737
2024-09-23 15:31,220.0707
2024-09-23 15:30,220.0680
2024-09-23 15:29,220.0637
2024-09-23 15:28,220.0589
2024-09-23 15:27,220.0549
2024-09-23 15:26,220.0525
2024-09-23 15:25,220.0521
2024-09-23 15:24,220.0492
2024-09-23 15:23,220.0457
2024-09-23 15:22,220.0419
2024-09-23 15:21,220.0377
2024-09-23 15:20,220.0342
2024-09-23 15:19,220.0313
2024-09-23 15:18,220.0283
2024-09-23 15:17,220.0269
2024-09-23 15:16,220.0248
2024-09-23 15:15,220.0238
2024-09-23 15:14,220.0224
2024-09-23 15:13,220.0210
2024-09-23 15:12,220.0184
2024-09-23 15:11,220.0159
2024-09-23 15:10,220.0143
2024-09-23 15:09,220.0149
2024-09-23 15:08,220.0158
2024-09-23 15:07,220.0165
2024-09-23 15:06,220.0172
2024-09-23 15:05,220.0166
2024-09-23 15:04,220.0173
2024-09-23 15:03,220.0155
2024-09-23 15:02,220.0155
2024-09-23 15:01,220.0158
2024-09-23 15:00,220.0148
2024-09-23 14:59,220.0133
2024-09-23 14:58,220.0122
2024-09-23 14:57,220.0094
2024-09-23 14:56,220.0056
2024-09-23 14:55,220.0014
2024-09-23 14:54,219.9964
2024-09-23 14:53,219.9933
2024-09-23 14:52,219.9893
2024-09-23 14:51,219.9854
2024-09-23 14:50,219.9798
2024-09-23 14:49,219.9744
2024-09-23 14:48,219.9698
2024-09-23 14:47,219.9657
2024-09-23 14:46,219.9598
2024-09-23 14:45,219.9524
2024-09-23 14:44,219.9465
2024-09-23 14:43,219.9410
2024-09-23 14:42,219.9343
2024-09-23 14:41,219.9248
2024-09-23 14:40,219.9169
2024-09-23 14:39,219.9090
2024-09-23 14:38,219.9020
2024-09-23 14:37,219.8972
2024-09-23 14:36,219.8904
2024-09-23 14:35,219.8859
2024-09-23 14:34,219.8805
2024-09-23 14:33,219.8750
2024-09-23 14:32,219.8682
2024-09-23 14:30,219.8615
2024-09-23 14:29,219.8580
2024-09-23 14:28,219.8533
2024-09-23 14:27,219.8505
2024-09-23 14:26,219.8498
2024-09-23 14:25,219.8446
2024-09-23 14:24,219.8378
2024-09-23 14:23,219.8297
2024-09-23 14:22,219.8227
2024-09-23 14:21,219.8167
2024-09-23 14:20,219.8093
2024-09-23 14:19,219.8033
2024-09-23 14:18,219.7949
2024-09-23 14:17,219.7849
2024-09-23 14:16,219.7751
2024-09-23 14:15,219.7653
2024-09-23 14:14,219.7554
2024-09-23 14:13,219.7466
2024-09-23 14:12,219.7394
2024-09-23 14:11,219.7333
2024-09-23 14:10,219.7259
2024-09-23 14:09,219.7187
2024-09-23 14:08,219.7109
2024-09-23 14:07,219.7015
2024-09-23 14:06,219.6924
2024-09-23 14:05,219.6819
2024-09-23 14:04,219.6724
2024-09-23 14:03,219.6612
2024-09-23 14:02,219.6527
2024-09-23 14:01,219.6428
2024-09-23 14:00,219.6327
2024-09-23 13:59,219.6257
2024-09-23 13:58,219.6193
2024-09-23 13:57,219.6112
2024-09-23 13:56,219.6040
2024-09-23 13:55,219.6003
2024-09-23 13:54,219.5956
2024-09-23 13:53,219.5937
2024-09-23 13:52,219.5917
2024-09-23 13:51,219.5885
2024-09-23 13:50,219.5856
2024-09-23 13:49,219.5818
2024-09-23 13:48,219.5792
2024-09-23 13:47,219.5748
2024-09-23 13:46,219.5683
2024-09-23 13:45,219.5602
2024-09-23 13:44,219.5519
2024-09-23 13:43,219.5411
2024-09-23 13:42,219.5278
2024-09-23 13:41,219.5146
2024-09-23 13:40,219.5044
2024-09-23 13:39,219.4949
2024-09-23 13:38,219.4854
2024-09-23 13:37,219.4765
2024-09-23 13:36,219.4675
2024-09-23 13:35,219.4620
2024-09-23 13:34,219.4541
2024-09-23 13:33,219.4465
2024-09-23 13:32,219.4392
2024-09-23 13:31,219.4318
2024-09-23 13:30,219.4268
2024-09-23 13:29,219.4175
2024-09-23 13:28,219.4073
2024-09-23 13:27,219.3956
2024-09-23 13:26,219.3808
2024-09-23 13:25,219.3695
2024-09-23 13:24,219.3563
2024-09-23 13:23,219.3456
2024-09-23 13:22,219.3344
2024-09-23 13:21,219.3238
2024-09-23 13:20,219.3114
2024-09-23 13:19,219.2969
2024-09-23 13:18,219.2839
2024-09-23 13:17,219.2716
2024-09-23 13:16,219.2599
2024-09-23 13:15,219.2468
2024-09-23 13:14,219.2301
2024-09-23 13:13,219.2164
2024-09-23 13:12,219.2045
2024-09-23 13:11,219.1909
2024-09-23 13:10,219.1803
2024-09-23 13:09,219.1690
2024-09-23 13:08,219.1576
2024-09-23 13:07,219.1476
2024-09-23 13:06,219.1361
2024-09-23 13:05,219.1238
2024-09-23 13:04,219.1108
2024-09-23 13:03,219.0990
2024-09-23 13:02,219.0868
2024-09-23 13:01,219.0775
2024-09-23 13:00,219.0674
2024-09-23 12:59,219.0552
2024-09-23 12:58,219.0404
2024-09-23 12:57,219.0281
2024-09-23 12:56,219.0184
2024-09-23 12:55,219.0074
2024-09-23 12:54,218.9980
2024-09-23 12:53,218.9883
2024-09-23 12:52,218.9787
2024-09-23 12:51,218.9714
2024-09-23 12:50,218.9671
2024-09-23 12:49,218.9623
2024-09-23 12:48,218.9578
2024-09-23 12:47,218.9534
2024-09-23 12:46,218.9511
2024-09-23 12:45,218.9526
2024-09-23 12:44,218.9577
2024-09-23 12:43,218.9628
2024-09-23 12:42,218.9708
2024-09-23 12:41,218.9827
2024-09-23 12:40,218.9946
2024-09-23 12:39,219.0078
2024-09-23 12:38,219.0204
2024-09-23 12:37,219.0314
2024-09-23 12:36,219.0400
2024-09-23 12:35,219.0463
2024-09-23 12:34,219.0535
2024-09-23 12:33,219.0622
2024-09-23 12:32,219.0702
2024-09-23 12:31,219.0811
2024-09-23 12:30,219.0922
2024-09-23 12:29,219.1049
2024-09-23 12:28,219.1172
2024-09-23 12:27,219.1306
2024-09-23 12:26,219.1442
2024-09-23 12:25,219.1557
2024-09-23 12:24,219.1691
2024-09-23 12:23,219.1811
2024-09-23 12:22,219.1918
2024-09-23 12:21,219.1993
2024-09-23 12:20,219.2083
2024-09-23 12:19,219.2168
2024-09-23 12:18,219.2253
2024-09-23 12:17,219.2359
2024-09-23 12:16,219.2468
2024-09-23 12:15,219.2618
2024-09-23 12:14,219.2783
2024-09-23 12:13,219.2912
2024-09-23 12:12,219.3018
2024-09-23 12:11,219.3110
2024-09-23 12:10,219.3162
2024-09-23 12:09,219.3239
2024-09-23 12:08,219.3277
2024-09-23 12:07,219.3307
2024-09-23 12:06,219.3343
2024-09-23 12:05,219.3343
2024-09-23 12:04,219.3368
2024-09-23 12:03,219.3420
2024-09-23 12:02,219.3486
2024-09-23 12:01,219.3531
2024-09-23 12:00,219.3582
2024-09-23 11:59,219.3619
2024-09-23 11:58,219.3688
2024-09-23 11:57,219.3760
2024-09-23 11:56,219.3820
2024-09-23 11:55,219.3858
2024-09-23 11:54,219.3854
2024-09-23 11:53,219.3852
2024-09-23 11:52,219.3819
2024-09-23 11:51,219.3756
2024-09-23 11:50,219.3676
2024-09-23 11:49,219.3591
2024-09-23 11:48,219.3467
2024-09-23 11:47,219.3357
2024-09-23 11:46,219.3248
2024-09-23 11:45,219.3117
2024-09-23 11:44,219.2967
2024-09-23 11:43,219.2851
2024-09-23 11:42,219.2734
2024-09-23 11:41,219.2542
2024-09-23 11:40,219.2356
2024-09-23 11:39,219.2133
2024-09-23 11:38,219.1892
2024-09-23 11:37,219.1654
2024-09-23 11:36,219.1432
2024-09-23 11:35,219.1212
2024-09-23 11:34,219.1011
2024-09-23 11:33,219.0811
2024-09-23 11:32,219.0617
2024-09-23 11:31,219.0422
2024-09-23 11:30,219.0185
2024-09-23 11:29,218.9960
2024-09-23 11:28,218.9742
2024-09-23 11:27,218.9532
2024-09-23 11:26,218.9354
2024-09-23 11:25,218.9207
2024-09-23 11:24,218.9053
2024-09-23 11:23,218.8902
2024-09-23 11:22,218.8797
2024-09-23 11:21,218.8697
2024-09-23 11:20,218.8591
2024-09-23 11:19,218.8508
2024-09-23 11:18,218.8422
2024-09-23 11:17,218.8326
2024-09-23 11:16,218.8202
2024-09-23 11:15,218.8047
2024-09-23 11:14,218.7905
2024-09-23 11:13,218.7775
2024-09-23 11:12,218.7650
2024-09-23 11:11,218.7569
2024-09-23 11:10,218.7527
2024-09-23 11:09,218.7420
2024-09-23 11:08,218.7370
2024-09-23 11:07,218.7356
2024-09-23 11:06,218.7320
2024-09-23 11:05,218.7307
2024-09-23 11:04,218.7261
2024-09-23 11:03,218.7123
2024-09-23 11:02,218.6980
2024-09-23 11:01,218.6808
2024-09-23 11:00,218.6577
2024-09-23 10:59,218.6345
2024-09-23 10:58,218.6041
2024-09-23 10:57,218.5727
2024-09-23 10:56,218.5414
2024-09-23 10:55,218.5166
2024-09-23 10:54,218.4953
2024-09-23 10:53,218.4711
2024-09-23 10:52,218.4542
2024-09-23 10:51,218.4444
2024-09-23 10:50,218.4338
2024-09-23 10:49,218.4239
2024-09-23 10:48,218.4183
2024-09-23 10:47,218.4176
2024-09-23 10:46,218.4165
2024-09-23 10:45,218.4132
2024-09-23 10:44,218.4065
2024-09-23 10:43,218.4018
2024-09-23 10:42,218.3973
2024-09-23 10:41,218.4012
2024-09-23 10:40,218.4041
2024-09-23 10:39,218.4114
2024-09-23 10:38,218.4233
2024-09-23 10:37,218.4327
2024-09-23 10:36,218.4438
2024-09-23 10:35,218.4535
2024-09-23 10:34,218.4607
2024-09-23 10:33,218.4662
2024-09-23 10:32,218.4665
2024-09-23 10:31,218.4569
2024-09-23 10:30,218.4559
2024-09-23 10:29,218.4492
2024-09-23 10:28,218.4409
2024-09-23 10:27,218.4219
2024-09-23 10:26,218.3849
2024-09-23 10:25,218.3623
2024-09-23 10:24,218.3425
2024-09-23 10:23,218.3169
2024-09-23 10:22,218.2894
2024-09-23 10:21,218.2616
2024-09-23 10:20,218.2369
2024-09-23 10:19,218.2120
2024-09-23 10:18,218.1882
2024-09-23 10:17,218.1605
2024-09-23 10:16,218.1342
2024-09-23 10:15,218.1190
2024-09-23 10:14,218.0974
2024-09-23 10:13,218.0749
2024-09-23 10:12,218.0517
2024-09-23 10:11,218.0243
2024-09-23 10:10,217.9954
2024-09-23 10:09,217.9720
2024-09-23 10:08,217.9495
2024-09-23 10:07,217.9209
2024-09-23 10:06,217.8992
2024-09-23 10:05,217.8814
2024-09-23 10:04,217.8607
2024-09-23 10:03,217.8453
2024-09-23 10:02,217.8281
2024-09-23 10:01,217.8126
2024-09-23 10:00,217.8011
2024-09-23 09:59,217.8016
2024-09-23 09:58,217.8006
2024-09-23 09:57,217.7983
2024-09-23 09:56,217.7928
2024-09-23 09:55,217.7813
2024-09-23 09:54,217.7695
2024-09-23 09:53,217.7607
2024-09-23 09:52,217.7486
2024-09-23 09:51,217.7316
2024-09-23 09:50,217.7137
2024-09-23 09:49,217.6966
2024-09-23 09:48,217.6785
2024-09-23 09:47,217.6552
2024-09-23 09:46,217.6317
2024-09-23 09:45,217.6122
2024-09-23 09:44,217.5946
2024-09-23 09:43,217.5755
2024-09-23 09:42,217.5551
2024-09-23 09:41,217.5310
2024-09-23 09:40,217.5071
2024-09-23 09:39,217.4804
2024-09-23 09:38,217.4510
2024-09-23 09:37,217.4237
2024-09-23 09:36,217.3915
2024-09-23 09:35,217.3667
2024-09-23 09:34,217.3412
2024-09-23 09:33,217.3224
2024-09-23 09:32,217.3091
2024-09-23 09:31,217.3027
2024-09-23 09:30,217.2861
2024-09-23 09:29,217.2736
2024-09-23 09:28,217.2642
2024-09-23 09:27,217.2644
2024-09-23 09:26,217.2794
2024-09-23 09:25,217.2799
2024-09-23 09:23,217.2751
2024-09-23 09:22,217.2801
2024-09-23 09:20,217.2802
2024-09-23 09:19,217.2827
2024-09-23 09:18,217.2891
2024-09-23 09:17,217.2956
2024-09-23 09:15,217.3022
2024-09-23 09:11,217.3116
2024-09-23 09:08,217.3212
2024-09-23 09:07,217.3172
2024-09-23 09:05,217.3202
2024-09-23 09:03,217.3236
2024-09-23 09:01,217.3244
2024-09-23 08:59,217.3311
2024-09-23 08:58,217.3377
2024-09-23 08:57,217.3426
2024-09-23 08:55,217.3442
2024-09-23 08:54,217.3499
2024-09-23 08:53,217.3497
2024-09-23 08:51,217.3462
2024-09-23 08:50,217.3476
2024-09-23 08:49,217.3491
2024-09-23 08:46,217.3512
2024-09-23 08:45,217.3504
2024-09-23 08:42,217.3536
2024-09-23 08:39,217.3469
2024-09-23 08:38,217.3444
2024-09-23 08:37,217.3396
2024-09-23 08:35,217.3376
2024-09-23 08:34,217.3360
2024-09-23 08:31,217.3358
2024-09-23 08:30,217.3351
2024-09-23 08:23,217.3338
2024-09-23 08:22,217.3373
2024-09-23 08:20,217.3358
2024-09-23 08:19,217.3362
2024-09-23 08:17,217.3337
2024-09-23 08:15,217.3325
2024-09-23 08:14,217.3337
2024-09-23 08:13,217.3315
2024-09-23 08:12,217.3298
2024-09-23 08:11,217.3268
2024-09-23 08:10,217.3237
2024-09-23 08:09,217.3242
2024-09-23 08:08,217.3255
2024-09-23 08:07,217.3317
2024-09-23 08:04,217.3398
2024-09-23 08:03,217.3483
2024-09-23 08:02,217.3591
2024-09-23 08:00,217.3629
2024-09-23 07:55,217.3648
2024-09-23 07:54,217.3653
2024-09-23 07:52,217.3653
2024-09-23 07:50,217.3655
2024-09-23 07:37,217.3673
2024-09-23 07:30,217.3692
2024-09-23 07:22,217.3735
2024-09-23 07:19,217.3728
2024-09-23 07:15,217.3777
2024-09-23 07:11,217.3796
2024-09-23 07:09,217.3822
2024-09-23 07:07,217.3808
2024-09-23 07:04,217.3848
2024-09-23 07:00,217.3888
2024-09-23 06:57,217.3868
2024-09-23 06:52,217.3818
2024-09-23 06:48,217.3795
2024-09-23 06:45,217.3797
2024-09-23 06:44,217.3776
2024-09-23 06:38,217.3792
2024-09-23 06:22,217.3802
2024-09-23 06:17,217.3817
2024-09-23 06:12,217.3827
2024-09-23 06:11,217.3827
2024-09-23 06:07,217.3842
2024-09-23 06:06,217.3884
2024-09-23 06:01,217.3925
2024-09-23 05:49,217.3910
2024-09-23 05:48,217.3748
2024-09-23 05:47,217.3783
2024-09-23 05:40,217.3818
2024-09-23 05:31,217.3872
2024-09-23 05:30,217.3903
2024-09-23 05:20,217.3962
2024-09-23 05:15,217.3912
2024-09-23 05:00,217.3978
2024-09-23 04:58,217.3960
2024-09-23 04:51,217.4075
2024-09-23 04:50,217.3883
2024-09-23 04:39,217.3998
2024-09-23 04:38,217.4068
2024-09-23 04:35,217.4168
2024-09-23 04:31,217.4268
2024-09-23 04:30,217.4320
2024-09-23 04:28,217.4422
2024-09-23 04:26,217.4507
2024-09-23 04:23,217.4502
2024-09-23 04:11,217.4603
2024-09-23 04:08,217.4681
2024-09-23 04:07,217.4789
2024-09-23 04:05,217.4899
2024-09-23 04:04,217.4912
2024-09-23 04:02,217.5027
2024-09-23 04:01,217.5110
2024-09-23 04:00,217.5183
2024-09-20 19:52,217.5198
2024-09-20 19:47,217.5204
2024-09-20 19:44,217.5207
2024-09-20 19:28,217.5216
2024-09-20 19:11,217.5241
2024-09-20 19:10,217.5280
2024-09-20 19:06,217.5298
2024-09-20 19:04,217.5303
2024-09-20 19:00,217.5269
2024-09-20 18:48,217.5244
2024-09-20 18:30,217.5187
2024-09-20 18:15,217.5132
2024-09-20 18:09,217.5144
2024-09-20 18:01,217.5087
2024-09-20 18:00,217.5022
2024-09-20 17:59,217.4960
2024-09-20 17:56,217.4911
2024-09-20 17:54,217.4834
2024-09-20 17:44,217.4745
2024-09-20 17:40,217.4687
2024-09-20 17:33,217.4648
2024-09-20 17:30,217.4578
2024-09-20 17:29,217.4482
2024-09-20 17:28,217.4393
2024-09-20 17:25,217.4298
2024-09-20 17:24,217.4195
2024-09-20 17:23,217.4097
2024-09-20 17:12,217.3995
2024-09-20 17:11,217.3855
2024-09-20 17:08,217.3699
2024-09-20 16:58,217.3537
2024-09-20 16:56,217.3373
2024-09-20 16:54,217.3260
2024-09-20 16:49,217.3298
2024-09-20 16:48,217.3168
2024-09-20 16:40,217.3040
2024-09-20 16:38,217.2903
2024-09-20 16:37,217.2788
2024-09-20 16:36,217.2669
2024-09-20 16:35,217.2622
2024-09-20 16:34,217.2423
2024-09-20 16:33,217.2347
2024-09-20 16:26,217.2163
2024-09-20 16:23,217.2291
2024-09-20 16:21,217.2112
2024-09-20 16:20,217.1964
2024-09-20 16:19,217.1788
2024-09-20 16:18,217.1610
2024-09-20 16:17,217.1434
2024-09-20 16:16,217.1254
2024-09-20 16:15,217.1107
2024-09-20 16:14,217.1077
2024-09-20 16:11,217.0927
2024-09-20 16:10,217.0786
2024-09-20 16:09,217.0646
2024-09-20 16:08,217.0511
2024-09-20 16:07,217.0463
2024-09-20 16:06,217.0333
2024-09-20 16:05,217.0218
2024-09-20 16:04,217.0095
2024-09-20 16:03,216.9993
2024-09-20 16:02,216.9886
2024-09-20 16:01,216.9762
2024-09-20 16:00,216.9630
2024-09-20 15:59,216.9535
2024-09-20 15:58,216.9467
2024-09-20 15:57,216.9393
2024-09-20 15:56,216.9338
2024-09-20 15:55,216.9332
2024-09-20 15:54,216.9322
2024-09-20 15:53,216.9344
2024-09-20 15:52,216.9344
2024-09-20 15:51,216.9316
2024-09-20 15:50,216.9286
2024-09-20 15:49,216.9276
2024-09-20 15:48,216.9281
2024-09-20 15:47,216.9294
2024-09-20 15:46,216.9310
2024-09-20 15:45,216.9309
2024-09-20 15:44,216.9263
2024-09-20 15:43,216.9225
2024-09-20 15:42,216.9183
2024-09-20 15:41,216.9136
2024-09-20 15:40,216.9105
2024-09-20 15:39,216.9106
2024-09-20 15:38,216.9106
2024-09-20 15:37,216.9101
2024-09-20 15:36,216.9136
2024-09-20 15:35,216.9199
2024-09-20 15:34,216.9257
2024-09-20 15:33,216.9309
2024-09-20 15:32,216.9386
2024-09-20 15:31,216.9444
2024-09-20 15:30,216.9503
2024-09-20 15:29,216.9550
2024-09-20 15:28,216.9598
2024-09-20 15:27,216.9632
2024-09-20 15:26,216.9668
2024-09-20 15:25,216.9730
2024-09-20 15:24,216.9825
2024-09-20 15:23,216.9976
2024-09-20 15:22,217.0090
2024-09-20 15:21,217.0166
2024-09-20 15:20,217.0235
2024-09-20 15:19,217.0311
2024-09-20 15:18,217.0406
2024-09-20 15:17,217.0496
2024-09-20 15:16,217.0587
2024-09-20 15:15,217.0661
2024-09-20 15:14,217.0762
2024-09-20 15:13,217.0835
2024-09-20 15:12,217.0910
2024-09-20 15:11,217.0971
2024-09-20 15:10,217.0985
2024-09-20 15:09,217.0995
2024-09-20 15:08,217.0980
2024-09-20 15:07,217.0986
2024-09-20 15:06,217.0983
2024-09-20 15:05,217.0943
2024-09-20 15:04,217.0914
2024-09-20 15:03,217.0867
2024-09-20 15:02,217.0805
2024-09-20 15:01,217.0774
2024-09-20 15:00,217.0738
2024-09-20 14:59,217.0672
2024-09-20 14:58,217.0586
2024-09-20 14:57,217.0458
2024-09-20 14:56,217.0337
2024-09-20 14:55,217.0220
2024-09-20 14:54,217.0111
2024-09-20 14:53,217.0001
2024-09-20 14:52,216.9891
2024-09-20 14:51,216.9785
2024-09-20 14:50,216.9694
2024-09-20 14:49,216.9619
2024-09-20 14:48,216.9543
2024-09-20 14:47,216.9465
2024-09-20 14:46,216.9401
2024-09-20 14:45,216.9368
2024-09-20 14:44,216.9358
2024-09-20 14:43,216.9344
2024-09-20 14:42,216.9364
2024-09-20 14:41,216.9384
2024-09-20 14:40,216.9405
2024-09-20 14:39,216.9398
2024-09-20 14:38,216.9396
2024-09-20 14:37,216.9383
2024-09-20 14:36,216.9370
2024-09-20 14:35,216.9351
2024-09-20 14:34,216.9322
2024-09-20 14:33,216.9269
2024-09-20 14:32,216.9179
2024-09-20 14:31,216.9105
2024-09-20 14:30,216.9041
2024-09-20 14:29,216.8958
2024-09-20 14:28,216.8873
2024-09-20 14:27,216.8783
2024-09-20 14:26,216.8680
2024-09-20 14:25,216.8589
2024-09-20 14:24,216.8475
2024-09-20 14:23,216.8327
2024-09-20 14:22,216.8219
2024-09-20 14:21,216.8136
2024-09-20 14:20,216.8040
2024-09-20 14:19,216.7936
2024-09-20 14:18,216.7815
2024-09-20 14:17,216.7698
2024-09-20 14:16,216.7584
2024-09-20 14:15,216.7477
2024-09-20 14:14,216.7341
2024-09-20 14:13,216.7211
2024-09-20 14:12,216.7061
2024-09-20 14:11,216.6940
2024-09-20 14:10,216.6850
2024-09-20 14:09,216.6761
2024-09-20 14:08,216.6679
2024-09-20 14:07,216.6585
2024-09-20 14:06,216.6476
2024-09-20 14:05,216.6383
2024-09-20 14:04,216.6284
2024-09-20 14:03,216.6182
2024-09-20 14:02,216.6081
2024-09-20 14:01,216.5959
2024-09-20 14:00,216.5854
2024-09-20 13:59,216.5751
2024-09-20 13:58,216.5643
2024-09-20 13:57,216.5558
2024-09-20 13:56,216.5470
2024-09-20 13:55,216.5374
2024-09-20 13:54,216.5278
2024-09-20 13:53,216.5187
2024-09-20 13:52,216.5106
2024-09-20 13:51,216.5043
2024-09-20 13:50,216.4992
2024-09-20 13:49,216.4943
2024-09-20 13:48,216.4905
2024-09-20 13:47,216.4858
2024-09-20 13:46,216.4821
2024-09-20 13:45,216.4776
2024-09-20 13:44,216.4734
2024-09-20 13:43,216.4682
2024-09-20 13:42,216.4611
2024-09-20 13:41,216.4539
2024-09-20 13:40,216.4454
2024-09-20 13:39,216.4397
2024-09-20 13:38,216.4351
2024-09-20 13:37,216.4286
2024-09-20 13:36,216.4242
2024-09-20 13:35,216.4182
2024-09-20 13:34,216.4142
2024-09-20 13:33,216.4101
2024-09-20 13:32,216.4071
2024-09-20 13:31,216.4037
2024-09-20 13:30,216.3998
2024-09-20 13:29,216.3953
2024-09-20 13:28,216.3893
2024-09-20 13:27,216.3847
2024-09-20 13:26,216.3804
2024-09-20 13:25,216.3777
2024-09-20 13:24,216.3772
2024-09-20 13:23,216.3758
2024-09-20 13:22,216.3707
2024-09-20 13:21,216.3646
2024-09-20 13:20,216.3587
2024-09-20 13:19,216.3522
2024-09-20 13:18,216.3475
2024-09-20 13:17,216.3422
2024-09-20 13:16,216.3377
2024-09-20 13:15,216.3364
2024-09-20 13:14,216.3347
2024-09-20 13:13,216.3309
2024-09-20 13:12,216.3271
2024-09-20 13:11,216.3214
2024-09-20 13:10,216.3161
2024-09-20 13:09,216.3089
2024-09-20 13:08,216.3037
2024-09-20 13:07,216.3006
2024-09-20 13:06,216.2984
2024-09-20 13:05,216.2966
2024-09-20 13:04,216.2930
2024-09-20 13:03,216.2929
2024-09-20 13:02,216.2912
2024-09-20 13:01,216.2920
2024-09-20 13:00,216.2920
2024-09-20 12:59,216.2897
2024-09-20 12:58,216.2899
2024-09-20 12:57,216.2891
2024-09-20 12:56,216.2855
2024-09-20 12:55,216.2839
2024-09-20 12:54,216.2805
2024-09-20 12:53,216.2748
2024-09-20 12:52,216.2693
2024-09-20 12:51,216.2620
2024-09-20 12:50,216.2560
2024-09-20 12:49,216.2485
2024-09-20 12:48,216.2400
2024-09-20 12:47,216.2317
2024-09-20 12:46,216.2211
2024-09-20 12:45,216.2093
2024-09-20 12:44,216.1955
2024-09-20 12:43,216.1843
2024-09-20 12:42,216.1718
2024-09-20 12:41,216.1603
2024-09-20 12:40,216.1475
2024-09-20 12:39,216.1274
2024-09-20 12:38,216.1074
2024-09-20 12:37,216.0906
2024-09-20 12:36,216.0708
2024-09-20 12:35,216.0530
2024-09-20 12:34,216.0362
2024-09-20 12:33,216.0215
2024-09-20 12:32,216.0039
2024-09-20 12:31,215.9846
2024-09-20 12:30,215.9645
2024-09-20 12:29,215.9455
2024-09-20 12:28,215.9321
2024-09-20 12:27,215.9176
2024-09-20 12:26,215.9020
2024-09-20 12:25,215.8828
2024-09-20 12:24,215.8594
2024-09-20 12:23,215.8382
2024-09-20 12:22,215.8192
2024-09-20 12:21,215.8013
2024-09-20 12:20,215.7829
2024-09-20 12:19,215.7644
2024-09-20 12:18,215.7467
2024-09-20 12:17,215.7296
2024-09-20 12:16,215.7087
2024-09-20 12:15,215.6864
2024-09-20 12:14,215.6654
2024-09-20 12:13,215.6474
2024-09-20 12:12,215.6308
2024-09-20 12:11,215.6146
2024-09-20 12:10,215.5983
2024-09-20 12:09,215.5827
2024-09-20 12:08,215.5669
2024-09-20 12:07,215.5500
2024-09-20 12:06,215.5335
2024-09-20 12:05,215.5153
2024-09-20 12:04,215.4976
2024-09-20 12:03,215.4783
2024-09-20 12:02,215.4623
2024-09-20 12:01,215.4435
2024-09-20 12:00,215.4262
2024-09-20 11:59,215.4126
2024-09-20 11:58,215.3971
2024-09-20 11:57,215.3789
2024-09-20 11:56,215.3648
2024-09-20 11:55,215.3494
2024-09-20 11:54,215.3367
2024-09-20 11:53,215.3284
2024-09-20 11:52,215.3176
2024-09-20 11:51,215.3087
2024-09-20 11:50,215.3025
2024-09-20 11:49,215.2963
2024-09-20 11:48,215.2908
2024-09-20 11:47,215.2845
2024-09-20 11:46,215.2771
2024-09-20 11:45,215.2744
2024-09-20 11:44,215.2713
2024-09-20 11:43,215.2662
2024-09-20 11:42,215.2587
2024-09-20 11:41,215.2518
2024-09-20 11:40,215.2444
2024-09-20 11:39,215.2427
2024-09-20 11:38,215.2385
2024-09-20 11:37,215.2334
2024-09-20 11:36,215.2274
2024-09-20 11:35,215.2180
2024-09-20 11:34,215.2074
2024-09-20 11:33,215.1978
2024-09-20 11:32,215.1907
2024-09-20 11:31,215.1850
2024-09-20 11:30,215.1815
2024-09-20 11:29,215.1780
2024-09-20 11:28,215.1720
2024-09-20 11:27,215.1667
2024-09-20 11:26,215.1631
2024-09-20 11:25,215.1587
2024-09-20 11:24,215.1595
2024-09-20 11:23,215.1602
2024-09-20 11:22,215.1632
2024-09-20 11:21,215.1687
2024-09-20 11:20,215.1755
2024-09-20 11:19,215.1804
2024-09-20 11:18,215.1822
2024-09-20 11:17,215.1814
2024-09-20 11:16,215.1816
2024-09-20 11:15,215.1786
2024-09-20 11:14,215.1759
2024-09-20 11:13,215.1689
2024-09-20 11:12,215.1591
2024-09-20 11:11,215.1493
2024-09-20 11:10,215.1416
2024-09-20 11:09,215.1367
2024-09-20 11:08,215.1341
2024-09-20 11:07,215.1323
2024-09-20 11:06,215.1313
2024-09-20 11:05,215.1302
2024-09-20 11:04,215.1302
2024-09-20 11:03,215.1279
2024-09-20 11:02,215.1259
2024-09-20 11:01,215.1236
2024-09-20 11:00,215.1204
2024-09-20 10:59,215.1157
2024-09-20 10:58,215.1072
2024-09-20 10:57,215.1052
2024-09-20 10:56,215.1012
2024-09-20 10:55,215.0985
2024-09-20 10:54,215.0890
2024-09-20 10:53,215.0752
2024-09-20 10:52,215.0650
2024-09-20 10:51,215.0557
2024-09-20 10:50,215.0417
2024-09-20 10:49,215.0280
2024-09-20 10:48,215.0167
2024-09-20 10:47,215.0070
2024-09-20 10:46,214.9977
2024-09-20 10:45,214.9885
2024-09-20 10:44,214.9839
2024-09-20 10:43,214.9869
2024-09-20 10:42,214.9894
2024-09-20 10:41,214.9909
2024-09-20 10:40,214.9944
2024-09-20 10:39,214.9950
2024-09-20 10:38,214.9975
2024-09-20 10:37,214.9977
2024-09-20 10:36,214.9910
2024-09-20 10:35,214.9821
2024-09-20 10:34,214.9781
2024-09-20 10:33,214.9691
2024-09-20 10:32,214.9649
2024-09-20 10:31,214.9543
2024-09-20 10:30,214.9356
2024-09-20 10:29,214.9188
2024-09-20 10:28,214.9203
2024-09-20 10:27,214.8910
2024-09-20 10:26,214.8625
2024-09-20 10:25,214.8370
2024-09-20 10:24,214.8046
2024-09-20 10:23,214.7767
2024-09-20 10:22,214.7575
2024-09-20 10:21,214.7293
2024-09-20 10:20,214.7083
2024-09-20 10:19,214.6753
2024-09-20 10:18,214.6495
2024-09-20 10:17,214.6271
2024-09-20 10:16,214.6075
2024-09-20 10:15,214.5813
2024-09-20 10:14,214.5598
2024-09-20 10:13,214.5439
2024-09-20 10:12,214.5226
2024-09-20 10:11,214.5014
2024-09-20 10:10,214.4788
2024-09-20 10:09,214.4644
2024-09-20 10:08,214.4471
2024-09-20 10:07,214.4288
2024-09-20 10:06,214.4114
2024-09-20 10:05,214.3989
2024-09-20 10:04,214.3834
2024-09-20 10:03,214.3682
2024-09-20 10:02,214.3534
2024-09-20 10:01,214.3395
2024-09-20 10:00,214.3255
2024-09-20 09:59,214.3089
2024-09-20 09:58,214.2974
2024-09-20 09:57,214.2828
2024-09-20 09:56,214.2689
2024-09-20 09:55,214.2515
2024-09-20 09:54,214.2347
2024-09-20 09:53,214.2267
2024-09-20 09:52,214.2141
2024-09-20 09:51,214.1992
2024-09-20 09:50,214.1817
2024-09-20 09:49,214.1644
2024-09-20 09:48,214.1394
2024-09-20 09:47,214.1149
2024-09-20 09:46,214.0913
2024-09-20 09:45,214.0705
2024-09-20 09:44,214.0481
2024-09-20 09:43,214.0022
2024-09-20 09:42,213.9696
2024-09-20 09:41,213.9396
2024-09-20 09:40,213.9092
2024-09-20 09:39,213.8790
2024-09-20 09:38,213.8550
2024-09-20 09:37,213.8331
2024-09-20 09:36,213.8186
2024-09-20 09:35,213.8086
2024-09-20 09:34,213.7803
2024-09-20 09:33,213.7556
2024-09-20 09:32,213.7421
2024-09-20 09:31,213.7351
2024-09-20 09:30,213.7293
2024-09-20 09:29,213.7220
2024-09-20 09:27,213.6978
2024-09-20 09:26,213.7028
2024-09-20 09:25,213.7080
2024-09-20 09:24,213.7115
2024-09-20 09:23,213.7171
2024-09-20 09:22,213.7185
2024-09-20 09:21,213.7103
2024-09-20 09:19,213.7068
2024-09-20 09:18,213.7001
2024-09-20 09:17,213.7045
2024-09-20 09:16,213.7028
2024-09-20 09:15,213.7030
2024-09-20 09:14,213.7035
2024-09-20 09:13,213.7080
2024-09-20 09:12,213.7113
2024-09-20 09:09,213.7117
2024-09-20 09:08,213.7162
2024-09-20 09:07,213.7207
2024-09-20 09:06,213.7245
2024-09-20 09:05,213.7205
2024-09-20 09:04,213.7217
2024-09-20 09:02,213.7235
2024-09-20 09:01,213.7155
2024-09-20 09:00,213.7088
2024-09-20 08:59,213.7010
2024-09-20 08:56,213.6997
2024-09-20 08:54,213.6923
2024-09-20 08:53,213.6851
2024-09-20 08:52,213.6817
2024-09-20 08:51,213.6762
2024-09-20 08:50,213.6689
2024-09-20 08:49,213.6617
2024-09-20 08:47,213.6584
2024-09-20 08:46,213.6566
2024-09-20 08:45,213.6606
2024-09-20 08:41,213.6579
2024-09-20 08:40,213.6574
2024-09-20 08:37,213.6596
2024-09-20 08:36,213.6563
2024-09-20 08:34,213.6534
2024-09-20 08:26,213.6581
2024-09-20 08:25,213.6578
2024-09-20 08:23,213.6540
2024-09-20 08:21,213.6433
2024-09-20 08:20,213.6347
2024-09-20 08:18,213.6430
2024-09-20 08:17,213.6435
2024-09-20 08:14,213.6418
2024-09-20 08:13,213.6412
2024-09-20 08:11,213.6410
2024-09-20 08:09,213.6395
2024-09-20 08:07,213.6378
2024-09-20 08:06,213.6368
2024-09-20 08:05,213.6365
2024-09-20 08:03,213.6452
2024-09-20 08:02,213.6535
2024-09-20 08:00,213.6517
2024-09-20 07:54,213.6515
2024-09-20 07:53,213.6513
2024-09-20 07:52,213.6555
2024-09-20 07:51,213.6583
2024-09-20 07:48,213.6615
2024-09-20 07:47,213.6582
2024-09-20 07:44,213.6612
2024-09-20 07:41,213.6597
2024-09-20 07:36,213.6583
2024-09-20 07:27,213.6550
2024-09-20 07:16,213.6560
2024-09-20 07:04,213.6529
2024-09-20 07:03,213.6540
2024-09-20 07:00,213.6577
2024-09-20 06:48,213.6600
2024-09-20 06:46,213.6564
2024-09-20 06:34,213.6610
2024-09-20 06:28,213.6560
2024-09-20 06:26,213.6517
2024-09-20 06:23,213.6544
2024-09-20 06:22,213.6570
2024-09-20 06:00,213.6605
2024-09-20 05:59,213.6622
2024-09-20 05:57,213.6585
2024-09-20 05:51,213.6544
2024-09-20 05:28,213.6577
2024-09-20 05:17,213.6592
2024-09-20 05:01,213.6654
2024-09-20 04:53,213.6654
2024-09-20 04:52,213.6677
2024-09-20 04:51,213.6700
2024-09-20 04:38,213.6717
2024-09-20 04:36,213.6740
2024-09-20 04:35,213.6775
2024-09-20 04:34,213.6820
2024-09-20 04:32,213.6805
2024-09-20 04:31,213.6790
2024-09-20 04:28,213.6764
2024-09-20 04:24,213.6740
2024-09-20 04:14,213.6725
2024-09-20 04:12,213.6661
2024-09-20 04:11,213.6720
2024-09-20 04:05,213.6776
2024-09-20 04:03,213.6808
2024-09-20 04:02,213.6873
2024-09-20 04:01,213.6940
2024-09-20 04:00,213.7043
2024-09-19 19:59,213.7101
2024-09-19 19:51,213.7151
2024-09-19 19:50,213.7168
2024-09-19 19:49,213.7196
2024-09-19 19:46,213.7013
2024-09-19 19:44,213.7075
2024-09-19 19:25,213.7070
2024-09-19 19:21,213.7085
2024-09-19 19:18,213.7101
2024-09-19 19:15,213.7120
2024-09-19 19:12,213.7150
2024-09-19 19:11,213.7213
2024-09-19 19:07,213.7231
2024-09-19 19:02,213.7233
2024-09-19 19:01,213.7313
2024-09-19 19:00,213.7333
2024-09-19 18:56,213.7333
2024-09-19 18:41,213.7208
2024-09-19 18:30,213.7273
2024-09-19 18:28,213.7273
2024-09-19 18:26,213.7320
2024-09-19 18:25,213.7362
2024-09-19 18:23,213.7410
2024-09-19 18:17,213.7459
2024-09-19 18:14,213.7515
2024-09-19 18:12,213.7525
2024-09-19 18:05,213.7529
2024-09-19 18:04,213.7503
2024-09-19 18:03,213.7519
2024-09-19 17:58,213.7519
2024-09-19 17:57,213.7593
2024-09-19 17:55,213.7628
2024-09-19 17:52,213.7637
2024-09-19 17:50,213.7640
2024-09-19 17:47,213.7644
2024-09-19 17:36,213.7641
2024-09-19 17:35,213.7638
2024-09-19 17:34,213.7651
2024-09-19 17:29,213.7646
2024-09-19 17:25,213.7619
2024-09-19 17:23,213.7567
2024-09-19 17:19,213.7524
2024-09-19 17:18,213.7494
2024-09-19 17:13,213.7439
2024-09-19 17:12,213.7357
2024-09-19 17:10,213.7294
2024-09-19 17:03,213.7234
2024-09-19 17:02,213.7156
2024-09-19 17:01,213.7121
2024-09-19 17:00,213.7112
2024-09-19 16:59,213.7088
2024-09-19 16:54,213.7050
2024-09-19 16:53,213.6990
2024-09-19 16:47,213.6975
2024-09-19 16:44,213.6922
2024-09-19 16:39,213.6850
2024-09-19 16:38,213.6776
2024-09-19 16:37,213.6689
2024-09-19 16:36,213.6628
2024-09-19 16:35,213.6563
2024-09-19 16:33,213.6500
2024-09-19 16:32,213.6457
2024-09-19 16:30,213.6427
2024-09-19 16:25,213.6391
2024-09-19 16:24,213.6561
2024-09-19 16:20,213.6511
2024-09-19 16:17,213.6479
2024-09-19 16:15,213.6428
2024-09-19 16:14,213.6358
2024-09-19 16:13,213.6298
2024-09-19 16:11,213.6261
2024-09-19 16:10,213.6194
2024-09-19 16:06,213.6122
2024-09-19 16:05,213.6032
2024-09-19 16:03,213.5934
2024-09-19 16:02,213.5849
2024-09-19 16:01,213.5746
2024-09-19 16:00,213.5791
2024-09-19 15:59,213.5697
2024-09-19 15:58,213.5612
2024-09-19 15:57,213.5542
2024-09-19 15:56,213.5461
2024-09-19 15:55,213.5391
2024-09-19 15:54,213.5288
2024-09-19 15:53,213.5193
2024-09-19 15:52,213.5141
2024-09-19 15:51,213.5050
2024-09-19 15:50,213.4980
2024-09-19 15:49,213.4922
2024-09-19 15:48,213.4842
2024-09-19 15:47,213.4752
2024-09-19 15:46,213.4670
2024-09-19 15:45,213.4600
2024-09-19 15:44,213.4540
2024-09-19 15:43,213.4494
2024-09-19 15:42,213.4454
2024-09-19 15:41,213.4422
2024-09-19 15:40,213.4382
2024-09-19 15:39,213.4374
2024-09-19 15:38,213.4352
2024-09-19 15:37,213.4346
2024-09-19 15:36,213.4324
2024-09-19 15:35,213.4309
2024-09-19 15:34,213.4312
2024-09-19 15:33,213.4281
2024-09-19 15:32,213.4247
2024-09-19 15:31,213.4210
2024-09-19 15:30,213.4195
2024-09-19 15:29,213.4130
2024-09-19 15:28,213.4044
2024-09-19 15:27,213.3973
2024-09-19 15:26,213.3873
2024-09-19 15:25,213.3788
2024-09-19 15:24,213.3667
2024-09-19 15:23,213.3562
2024-09-19 15:22,213.3479
2024-09-19 15:21,213.3388
2024-09-19 15:20,213.3306
2024-09-19 15:19,213.3228
2024-09-19 15:18,213.3125
2024-09-19 15:17,213.2993
2024-09-19 15:16,213.2855
2024-09-19 15:15,213.2723
2024-09-19 15:14,213.2595
2024-09-19 15:13,213.2519
2024-09-19 15:12,213.2442
2024-09-19 15:11,213.2372
2024-09-19 15:10,213.2288
2024-09-19 15:09,213.2221
2024-09-19 15:08,213.2166
2024-09-19 15:07,213.2147
2024-09-19 15:06,213.2122
2024-09-19 15:05,213.2116
2024-09-19 15:04,213.2120
2024-09-19 15:03,213.2125
2024-09-19 15:02,213.2124
2024-09-19 15:01,213.2145
2024-09-19 15:00,213.2155
2024-09-19 14:59,213.2167
2024-09-19 14:58,213.2162
2024-09-19 14:57,213.2171
2024-09-19 14:56,213.2195
2024-09-19 14:55,213.2221
2024-09-19 14:54,213.2242
2024-09-19 14:53,213.2257
2024-09-19 14:52,213.2276
2024-09-19 14:51,213.2296
2024-09-19 14:50,213.2306
2024-09-19 14:49,213.2313
2024-09-19 14:48,213.2332
2024-09-19 14:47,213.2333
2024-09-19 14:46,213.2356
2024-09-19 14:45,213.2383
2024-09-19 14:44,213.2402
2024-09-19 14:43,213.2390
2024-09-19 14:42,213.2362
2024-09-19 14:41,213.2298
2024-09-19 14:40,213.2218
2024-09-19 14:39,213.2122
2024-09-19 14:38,213.2019
2024-09-19 14:37,213.1949
2024-09-19 14:36,213.1885
2024-09-19 14:35,213.1837
2024-09-19 14:34,213.1797
2024-09-19 14:33,213.1768
2024-09-19 14:32,213.1742
2024-09-19 14:31,213.1734
2024-09-19 14:30,213.1687
2024-09-19 14:29,213.1661
2024-09-19 14:28,213.1624
2024-09-19 14:27,213.1566
2024-09-19 14:26,213.1557
2024-09-19 14:25,213.1525
2024-09-19 14:24,213.1513
2024-09-19 14:23,213.1465
2024-09-19 14:22,213.1417
2024-09-19 14:21,213.1351
2024-09-19 14:20,213.1291
2024-09-19 14:19,213.1243
2024-09-19 14:18,213.1188
2024-09-19 14:17,213.1133
2024-09-19 14:16,213.1073
2024-09-19 14:15,213.1002
2024-09-19 14:14,213.0928
2024-09-19 14:13,213.0823
2024-09-19 14:12,213.0684
2024-09-19 14:11,213.0549
2024-09-19 14:10,213.0430
2024-09-19 14:09,213.0309
2024-09-19 14:08,213.0194
2024-09-19 14:07,213.0052
2024-09-19 14:06,212.9925
2024-09-19 14:05,212.9780
2024-09-19 14:04,212.9664
2024-09-19 14:03,212.9547
2024-09-19 14:02,212.9444
2024-09-19 14:01,212.9360
2024-09-19 14:00,212.9265
2024-09-19 13:59,212.9169
2024-09-19 13:58,212.9084
2024-09-19 13:57,212.8984
2024-09-19 13:56,212.8881
2024-09-19 13:55,212.8781
2024-09-19 13:54,212.8713
2024-09-19 13:53,212.8652
2024-09-19 13:52,212.8565
2024-09-19 13:51,212.8487
2024-09-19 13:50,212.8423
2024-09-19 13:49,212.8351
2024-09-19 13:48,212.8260
2024-09-19 13:47,212.8176
2024-09-19 13:46,212.8096
2024-09-19 13:45,212.7986
2024-09-19 13:44,212.7872
2024-09-19 13:43,212.7770
2024-09-19 13:42,212.7682
2024-09-19 13:41,212.7634
2024-09-19 13:40,212.7579
2024-09-19 13:39,212.7515
2024-09-19 13:38,212.7480
2024-09-19 13:37,212.7398
2024-09-19 13:36,212.7332
2024-09-19 13:35,212.7226
2024-09-19 13:34,212.7119
2024-09-19 13:33,212.7039
2024-09-19 13:32,212.6996
2024-09-19 13:31,212.6949
2024-09-19 13:30,212.6929
2024-09-19 13:29,212.6919
2024-09-19 13:28,212.6862
2024-09-19 13:27,212.6834
2024-09-19 13:26,212.6762
2024-09-19 13:25,212.6735
2024-09-19 13:24,212.6710
2024-09-19 13:23,212.6707
2024-09-19 13:22,212.6707
2024-09-19 13:21,212.6736
2024-09-19 13:20,212.6768
2024-09-19 13:19,212.6813
2024-09-19 13:18,212.6849
2024-09-19 13:17,212.6909
2024-09-19 13:16,212.6993
2024-09-19 13:15,212.7032
2024-09-19 13:14,212.7003
2024-09-19 13:13,212.6954
2024-09-19 13:12,212.6911
2024-09-19 13:11,212.6854
2024-09-19 13:10,212.6784
2024-09-19 13:09,212.6677
2024-09-19 13:08,212.6541
2024-09-19 13:07,212.6425
2024-09-19 13:06,212.6285
2024-09-19 13:05,212.6165
2024-09-19 13:04,212.5992
2024-09-19 13:03,212.5817
2024-09-19 13:02,212.5611
2024-09-19 13:01,212.5382
2024-09-19 13:00,212.5182
2024-09-19 12:59,212.5000
2024-09-19 12:58,212.4748
2024-09-19 12:57,212.4476
2024-09-19 12:56,212.4188
2024-09-19 12:55,212.3852
2024-09-19 12:54,212.3515
2024-09-19 12:53,212.3127
2024-09-19 12:52,212.2747
2024-09-19 12:51,212.2372
2024-09-19 12:50,212.1968
2024-09-19 12:49,212.1600
2024-09-19 12:48,212.1242
2024-09-19 12:47,212.0904
2024-09-19 12:46,212.0530
2024-09-19 12:45,212.0169
2024-09-19 12:44,211.9804
2024-09-19 12:43,211.9411
2024-09-19 12:42,211.9071
2024-09-19 12:41,211.8712
2024-09-19 12:40,211.8374
2024-09-19 12:39,211.8065
2024-09-19 12:38,211.7695
2024-09-19 12:37,211.7326
2024-09-19 12:36,211.6971
2024-09-19 12:35,211.6625
2024-09-19 12:34,211.6307
2024-09-19 12:33,211.5977
2024-09-19 12:32,211.5614
2024-09-19 12:31,211.5239
2024-09-19 12:30,211.4841
2024-09-19 12:29,211.4495
2024-09-19 12:28,211.4228
2024-09-19 12:27,211.3972
2024-09-19 12:26,211.3749
2024-09-19 12:25,211.3535
2024-09-19 12:24,211.3303
2024-09-19 12:23,211.3056
2024-09-19 12:22,211.2799
2024-09-19 12:21,211.2529
2024-09-19 12:20,211.2273
2024-09-19 12:19,211.1990
2024-09-19 12:18,211.1751
2024-09-19 12:17,211.1558
2024-09-19 12:16,211.1346
2024-09-19 12:15,211.1162
2024-09-19 12:14,211.1059
2024-09-19 12:13,211.0968
2024-09-19 12:12,211.0927
2024-09-19 12:11,211.0869
2024-09-19 12:10,211.0834
2024-09-19 12:09,211.0825
2024-09-19 12:08,211.0844
2024-09-19 12:07,211.0827
2024-09-19 12:06,211.0845
2024-09-19 12:05,211.0862
2024-09-19 12:04,211.0922
2024-09-19 12:03,211.1018
2024-09-19 12:02,211.1131
2024-09-19 12:01,211.1249
2024-09-19 12:00,211.1314
2024-09-19 11:59,211.1341
2024-09-19 11:58,211.1499
2024-09-19 11:57,211.1692
2024-09-19 11:56,211.1899
2024-09-19 11:55,211.2107
2024-09-19 11:54,211.2336
2024-09-19 11:53,211.2577
2024-09-19 11:52,211.2827
2024-09-19 11:51,211.3079
2024-09-19 11:50,211.3377
2024-09-19 11:49,211.3632
2024-09-19 11:48,211.3846
2024-09-19 11:47,211.3998
2024-09-19 11:46,211.4173
2024-09-19 11:45,211.4367
2024-09-19 11:44,211.4585
2024-09-19 11:43,211.4865
2024-09-19 11:42,211.5097
2024-09-19 11:41,211.5390
2024-09-19 11:40,211.5673
2024-09-19 11:39,211.5934
2024-09-19 11:38,211.6248
2024-09-19 11:37,211.6542
2024-09-19 11:36,211.6830
2024-09-19 11:35,211.7149
2024-09-19 11:34,211.7516
2024-09-19 11:33,211.7861
2024-09-19 11:32,211.8259
2024-09-19 11:31,211.8650
2024-09-19 11:30,211.9059
2024-09-19 11:29,211.9375
2024-09-19 11:28,211.9671
2024-09-19 11:27,211.9916
2024-09-19 11:26,212.0132
2024-09-19 11:25,212.0266
2024-09-19 11:24,212.0449
2024-09-19 11:23,212.0624
2024-09-19 11:22,212.0802
2024-09-19 11:21,212.0949
2024-09-19 11:20,212.1053
2024-09-19 11:19,212.1181
2024-09-19 11:18,212.1356
2024-09-19 11:17,212.1512
2024-09-19 11:16,212.1677
2024-09-19 11:15,212.1859
2024-09-19 11:14,212.2047
2024-09-19 11:13,212.2232
2024-09-19 11:12,212.2452
2024-09-19 11:11,212.2692
2024-09-19 11:10,212.2923
2024-09-19 11:09,212.3123
2024-09-19 11:08,212.3322
2024-09-19 11:07,212.3573
2024-09-19 11:06,212.3846
2024-09-19 11:05,212.4165
2024-09-19 11:04,212.4503
2024-09-19 11:03,212.4861
2024-09-19 11:02,212.5298
2024-09-19 11:01,212.5698
2024-09-19 11:00,212.6153
2024-09-19 10:59,212.6617
2024-09-19 10:58,212.7018
2024-09-19 10:57,212.7430
2024-09-19 10:56,212.7804
2024-09-19 10:55,212.8179
2024-09-19 10:54,212.8503
2024-09-19 10:53,212.8808
2024-09-19 10:52,212.9082
2024-09-19 10:51,212.9362
2024-09-19 10:50,212.9587
2024-09-19 10:49,212.9850
2024-09-19 10:48,213.0212
2024-09-19 10:47,213.0663
2024-09-19 10:46,213.1128
2024-09-19 10:45,213.1570
2024-09-19 10:44,213.2059
2024-09-19 10:43,213.2581
2024-09-19 10:42,213.3111
2024-09-19 10:41,213.3617
2024-09-19 10:40,213.4114
2024-09-19 10:39,213.4661
2024-09-19 10:38,213.5174
2024-09-19 10:37,213.5777
2024-09-19 10:36,213.6454
2024-09-19 10:35,213.7137
2024-09-19 10:34,213.7808
2024-09-19 10:33,213.8512
2024-09-19 10:32,213.9252
2024-09-19 10:31,214.0027
2024-09-19 10:30,214.0802
2024-09-19 10:29,214.1637
2024-09-19 10:28,214.2515
2024-09-19 10:27,214.3293
2024-09-19 10:26,214.4120
2024-09-19 10:25,214.4992
2024-09-19 10:24,214.5781
2024-09-19 10:23,214.6591
2024-09-19 10:22,214.7402
2024-09-19 10:21,214.8292
2024-09-19 10:20,214.9167
2024-09-19 10:19,214.9997
2024-09-19 10:18,215.0707
2024-09-19 10:17,215.1451
2024-09-19 10:16,215.2189
2024-09-19 10:15,215.2853
2024-09-19 10:14,215.3528
2024-09-19 10:13,215.4151
2024-09-19 10:12,215.4707
2024-09-19 10:11,215.5264
2024-09-19 10:10,215.5817
2024-09-19 10:09,215.6417
2024-09-19 10:08,215.6991
2024-09-19 10:07,215.7475
2024-09-19 10:06,215.7912
2024-09-19 10:05,215.8312
2024-09-19 10:04,215.8683
2024-09-19 10:03,215.9021
2024-09-19 10:02,215.9253
2024-09-19 10:01,215.9546
2024-09-19 10:00,215.9860
2024-09-19 09:59,216.0120
2024-09-19 09:58,216.0412
2024-09-19 09:57,216.0644
2024-09-19 09:56,216.0980
2024-09-19 09:55,216.1319
2024-09-19 09:54,216.1707
2024-09-19 09:53,216.2103
2024-09-19 09:52,216.2570
2024-09-19 09:51,216.3005
2024-09-19 09:50,216.3475
2024-09-19 09:49,216.3962
2024-09-19 09:48,216.4344
2024-09-19 09:47,216.4753
2024-09-19 09:46,216.5161
2024-09-19 09:45,216.5530
2024-09-19 09:44,216.5857
2024-09-19 09:43,216.6127
2024-09-19 09:42,216.6327
2024-09-19 09:41,216.6559
2024-09-19 09:40,216.6760
2024-09-19 09:39,216.6960
2024-09-19 09:38,216.7175
2024-09-19 09:37,216.7358
2024-09-19 09:36,216.7438
2024-09-19 09:35,216.7505
2024-09-19 09:34,216.7509
2024-09-19 09:33,216.7505
2024-09-19 09:32,216.7430
2024-09-19 09:31,216.7337
2024-09-19 09:30,216.7231
2024-09-19 09:29,216.7113
2024-09-19 09:28,216.6601
2024-09-19 09:27,216.6570
2024-09-19 09:26,216.6518
2024-09-19 09:24,216.6468
2024-09-19 09:23,216.6461
2024-09-19 09:22,216.6455
2024-09-19 09:20,216.6486
2024-09-19 09:19,216.6490
2024-09-19 09:18,216.6526
2024-09-19 09:16,216.6526
2024-09-19 09:14,216.6571
2024-09-19 09:13,216.6568
2024-09-19 09:12,216.6568
2024-09-19 09:11,216.6651
2024-09-19 09:10,216.6678
2024-09-19 09:09,216.6730
2024-09-19 09:08,216.6756
2024-09-19 09:07,216.6791
2024-09-19 09:06,216.6826
2024-09-19 09:05,216.6848
2024-09-19 09:03,216.6866
2024-09-19 09:02,216.6927
2024-09-19 09:00,216.6992
2024-09-19 08:59,216.7034
2024-09-19 08:58,216.7070
2024-09-19 08:57,216.7082
2024-09-19 08:55,216.7166
2024-09-19 08:54,216.7214
2024-09-19 08:53,216.7229
2024-09-19 08:50,216.7307
2024-09-19 08:48,216.7317
2024-09-19 08:46,216.7364
2024-09-19 08:44,216.7379
2024-09-19 08:43,216.7379
2024-09-19 08:42,216.7427
2024-09-19 08:37,216.7427
2024-09-19 08:36,216.7446
2024-09-19 08:34,216.7434
2024-09-19 08:33,216.7466
2024-09-19 08:32,216.7451
2024-09-19 08:31,216.7484
2024-09-19 08:29,216.7425
2024-09-19 08:28,216.7378
2024-09-19 08:27,216.7380
2024-09-19 08:26,216.7363
2024-09-19 08:22,216.7325
2024-09-19 08:20,216.7310
2024-09-19 08:19,216.7283
2024-09-19 08:18,216.7287
2024-09-19 08:15,216.7247
2024-09-19 08:14,216.7217
2024-09-19 08:13,216.7170
2024-09-19 08:12,216.7153
2024-09-19 08:11,216.7095
2024-09-19 08:09,216.7035
2024-09-19 08:08,216.6975
2024-09-19 08:06,216.6907
2024-09-19 08:04,216.6822
2024-09-19 08:02,216.6753
2024-09-19 08:00,216.6617
2024-09-19 07:59,216.6837
2024-09-19 07:58,216.6717
2024-09-19 07:55,216.6635
2024-09-19 07:54,216.6538
2024-09-19 07:53,216.6442
2024-09-19 07:52,216.6362
2024-09-19 07:48,216.6225
2024-09-19 07:46,216.6075
2024-09-19 07:39,216.5930
2024-09-19 07:38,216.5863
2024-09-19 07:36,216.5800
2024-09-19 07:35,216.5720
2024-09-19 07:33,216.5620
2024-09-19 07:31,216.5520
2024-09-19 07:30,216.5387
2024-09-19 07:28,216.5278
2024-09-19 07:27,216.5235
2024-09-19 07:26,216.5185
2024-09-19 07:25,216.5030
2024-09-19 07:24,216.4895
2024-09-19 07:21,216.4828
2024-09-19 07:20,216.4693
2024-09-19 07:19,216.4483
2024-09-19 07:18,216.4283
2024-09-19 07:16,216.4088
2024-09-19 07:10,216.3888
2024-09-19 07:08,216.3628
2024-09-19 07:06,216.3355
2024-09-19 07:04,216.3128
2024-09-19 07:01,216.2893
2024-09-19 07:00,216.2680
2024-09-19 06:51,216.2482
2024-09-19 06:45,216.2250
2024-09-19 06:44,216.2000
2024-09-19 06:43,216.1695
2024-09-19 06:36,216.1472
2024-09-19 06:35,216.1207
2024-09-19 06:30,216.0990
2024-09-19 06:25,216.0764
2024-09-19 06:23,216.0537
2024-09-19 06:13,216.0242
2024-09-19 06:05,216.0019
2024-09-19 06:04,215.9757
2024-09-19 05:57,215.9505
2024-09-19 05:54,215.9254
2024-09-19 05:53,215.8987
2024-09-19 05:48,215.8757
2024-09-19 05:44,215.8490
2024-09-19 05:43,215.8335
2024-09-19 05:40,215.8132
2024-09-19 05:38,215.7867
2024-09-19 05:27,215.7609
2024-09-19 05:24,215.7404
2024-09-19 05:22,215.7270
2024-09-19 05:21,215.7189
2024-09-19 05:20,215.6945
2024-09-19 05:17,215.6705
2024-09-19 05:16,215.6535
2024-09-19 05:13,215.6454
2024-09-19 05:08,215.6340
2024-09-19 05:07,215.6208
2024-09-19 05:06,215.6077
2024-09-19 04:45,215.5907
2024-09-19 04:44,215.5664
2024-09-19 04:35,215.5514
2024-09-19 04:32,215.5328
2024-09-19 04:27,215.5134
2024-09-19 04:26,215.4965
2024-09-19 04:24,215.4767
2024-09-19 04:22,215.4552
2024-09-19 04:21,215.4292
2024-09-19 04:19,215.4125
2024-09-19 04:12,215.4017
2024-09-19 04:09,215.4100
2024-09-19 04:08,215.3924
2024-09-19 04:05,215.3907
2024-09-19 04:03,215.3692
2024-09-19 04:02,215.3469
2024-09-19 04:01,215.3349
2024-09-19 04:00,215.3229
2024-09-18 19:59,215.3037
2024-09-18 19:58,215.2914
2024-09-18 19:56,215.2875
2024-09-18 19:55,215.2815
2024-09-18 19:51,215.2709
2024-09-18 19:49,215.2649
2024-09-18 19:42,215.2615
2024-09-18 19:38,215.2597
2024-09-18 19:28,215.2530
2024-09-18 19:21,215.2472
2024-09-18 19:06,215.2510
2024-09-18 19:05,215.2440
2024-09-18 19:00,215.2377
2024-09-18 18:59,215.2372
2024-09-18 18:55,215.2374
2024-09-18 18:51,215.2384
2024-09-18 18:42,215.2404
2024-09-18 18:38,215.2424
2024-09-18 18:37,215.2417
2024-09-18 18:30,215.2387
2024-09-18 18:29,215.2426
2024-09-18 18:21,215.2394
2024-09-18 18:14,215.2393
2024-09-18 18:03,215.2396
2024-09-18 17:57,215.2411
2024-09-18 17:54,215.2465
2024-09-18 17:48,215.2502
2024-09-18 17:47,215.2547
2024-09-18 17:45,215.2517
2024-09-18 17:39,215.2524
2024-09-18 17:38,215.2627
2024-09-18 17:35,215.2737
2024-09-18 17:31,215.2782
2024-09-18 17:22,215.2746
2024-09-18 17:09,215.2672
2024-09-18 17:08,215.2770
2024-09-18 17:05,215.2896
2024-09-18 17:03,215.2981
2024-09-18 17:01,215.3027
2024-09-18 16:59,215.3179
2024-09-18 16:49,215.3334
2024-09-18 16:41,215.3469
2024-09-18 16:39,215.3649
2024-09-18 16:38,215.3969
2024-09-18 16:37,215.4170
2024-09-18 16:34,215.4398
2024-09-18 16:32,215.4590
2024-09-18 16:29,215.4713
2024-09-18 16:28,215.4805
2024-09-18 16:27,215.4933
2024-09-18 16:25,215.5086
2024-09-18 16:24,215.5242
2024-09-18 16:23,215.5341
2024-09-18 16:22,215.5260
2024-09-18 16:21,215.5482
2024-09-18 16:20,215.5490
2024-09-18 16:18,215.5674
2024-09-18 16:15,215.5845
2024-09-18 16:12,215.5974
2024-09-18 16:11,215.6042
2024-09-18 16:10,215.6082
2024-09-18 16:09,215.6132
2024-09-18 16:08,215.6211
2024-09-18 16:07,215.6282
2024-09-18 16:05,215.6372
2024-09-18 16:04,215.6415
2024-09-18 16:03,215.6485
2024-09-18 16:02,215.6554
2024-09-18 16:01,215.6637
2024-09-18 16:00,215.6697
2024-09-18 15:59,215.6699
2024-09-18 15:58,215.6805
2024-09-18 15:57,215.6958
2024-09-18 15:56,215.7155
2024-09-18 15:55,215.7338
2024-09-18 15:54,215.7513
2024-09-18 15:53,215.7666
2024-09-18 15:52,215.7830
2024-09-18 15:51,215.7985
2024-09-18 15:50,215.8100
2024-09-18 15:49,215.8209
2024-09-18 15:48,215.8355
2024-09-18 15:47,215.8463
2024-09-18 15:46,215.8541
2024-09-18 15:45,215.8621
2024-09-18 15:44,215.8629
2024-09-18 15:43,215.8634
2024-09-18 15:42,215.8653
2024-09-18 15:41,215.8690
2024-09-18 15:40,215.8740
2024-09-18 15:39,215.8757
2024-09-18 15:38,215.8787
2024-09-18 15:37,215.8834
2024-09-18 15:36,215.8882
2024-09-18 15:35,215.8846
2024-09-18 15:34,215.8855
2024-09-18 15:33,215.8934
2024-09-18 15:32,215.8992
2024-09-18 15:31,215.8962
2024-09-18 15:30,215.8896
2024-09-18 15:29,215.8806
2024-09-18 15:28,215.8724
2024-09-18 15:27,215.8584
2024-09-18 15:26,215.8389
2024-09-18 15:25,215.8247
2024-09-18 15:24,215.8132
2024-09-18 15:23,215.8057
2024-09-18 15:22,215.8035
2024-09-18 15:21,215.8073
2024-09-18 15:20,215.8079
2024-09-18 15:19,215.8146
2024-09-18 15:18,215.8095
2024-09-18 15:17,215.8044
2024-09-18 15:16,215.7956
2024-09-18 15:15,215.7882
2024-09-18 15:14,215.7817
2024-09-18 15:13,215.7712
2024-09-18 15:12,215.7586
2024-09-18 15:11,215.7481
2024-09-18 15:10,215.7447
2024-09-18 15:09,215.7521
2024-09-18 15:08,215.7595
2024-09-18 15:07,215.7586
2024-09-18 15:06,215.7663
2024-09-18 15:05,215.7813
2024-09-18 15:04,215.7943
2024-09-18 15:03,215.8006
2024-09-18 15:02,215.8073
2024-09-18 15:01,215.8193
2024-09-18 15:00,215.8363
2024-09-18 14:59,215.8482
2024-09-18 14:58,215.8388
2024-09-18 14:57,215.8266
2024-09-18 14:56,215.8109
2024-09-18 14:55,215.7937
2024-09-18 14:54,215.7795
2024-09-18 14:53,215.7677
2024-09-18 14:52,215.7531
2024-09-18 14:51,215.7371
2024-09-18 14:50,215.7285
2024-09-18 14:49,215.7185
2024-09-18 14:48,215.7064
2024-09-18 14:47,215.6989
2024-09-18 14:46,215.6920
2024-09-18 14:45,215.6844
2024-09-18 14:44,215.6806
2024-09-18 14:43,215.6780
2024-09-18 14:42,215.6720
2024-09-18 14:41,215.6619
2024-09-18 14:40,215.6517
2024-09-18 14:39,215.6421
2024-09-18 14:38,215.6292
2024-09-18 14:37,215.6142
2024-09-18 14:36,215.6039
2024-09-18 14:35,215.6042
2024-09-18 14:34,215.6001
2024-09-18 14:33,215.5849
2024-09-18 14:32,215.5682
2024-09-18 14:31,215.5554
2024-09-18 14:30,215.5444
2024-09-18 14:29,215.5337
2024-09-18 14:28,215.5241
2024-09-18 14:27,215.5142
2024-09-18 14:26,215.5032
2024-09-18 14:25,215.4901
2024-09-18 14:24,215.4727
2024-09-18 14:23,215.4562
2024-09-18 14:22,215.4377
2024-09-18 14:21,215.4218
2024-09-18 14:20,215.4066
2024-09-18 14:19,215.3874
2024-09-18 14:18,215.3719
2024-09-18 14:17,215.3565
2024-09-18 14:16,215.3437
2024-09-18 14:15,215.3305
2024-09-18 14:14,215.3228
2024-09-18 14:13,215.3175
2024-09-18 14:12,215.3163
2024-09-18 14:11,215.3171
2024-09-18 14:10,215.3165
2024-09-18 14:09,215.3087
2024-09-18 14:08,215.3003
2024-09-18 14:07,215.2964
2024-09-18 14:06,215.2856
2024-09-18 14:05,215.2695
2024-09-18 14:04,215.2553
2024-09-18 14:03,215.2449
2024-09-18 14:02,215.2358
2024-09-18 14:01,215.2179
2024-09-18 14:00,215.1974
2024-09-18 13:59,215.1810
2024-09-18 13:58,215.1837
2024-09-18 13:57,215.1835
2024-09-18 13:56,215.1817
2024-09-18 13:55,215.1810
2024-09-18 13:54,215.1768
2024-09-18 13:53,215.1713
2024-09-18 13:52,215.1673
2024-09-18 13:51,215.1638
2024-09-18 13:50,215.1583
2024-09-18 13:49,215.1545
2024-09-18 13:48,215.1497
2024-09-18 13:47,215.1442
2024-09-18 13:46,215.1401
2024-09-18 13:45,215.1346
2024-09-18 13:44,215.1302
2024-09-18 13:43,215.1261
2024-09-18 13:42,215.1218
2024-09-18 13:41,215.1175
2024-09-18 13:40,215.1133
2024-09-18 13:39,215.1082
2024-09-18 13:38,215.1047
2024-09-18 13:37,215.1011
2024-09-18 13:36,215.0959
2024-09-18 13:35,215.0877
2024-09-18 13:34,215.0775
2024-09-18 13:33,215.0687
2024-09-18 13:32,215.0615
2024-09-18 13:31,215.0540
2024-09-18 13:30,215.0435
2024-09-18 13:29,215.0359
2024-09-18 13:28,215.0282
2024-09-18 13:27,215.0219
2024-09-18 13:26,215.0164
2024-09-18 13:25,215.0109
2024-09-18 13:24,215.0041
2024-09-18 13:23,214.9970
2024-09-18 13:22,214.9900
2024-09-18 13:21,214.9790
2024-09-18 13:20,214.9677
2024-09-18 13:19,214.9570
2024-09-18 13:18,214.9472
2024-09-18 13:17,214.9380
2024-09-18 13:16,214.9277
2024-09-18 13:15,214.9172
2024-09-18 13:14,214.9053
2024-09-18 13:13,214.8931
2024-09-18 13:12,214.8783
2024-09-18 13:11,214.8653
2024-09-18 13:10,214.8517
2024-09-18 13:09,214.8368
2024-09-18 13:08,214.8212
2024-09-18 13:07,214.8060
2024-09-18 13:06,214.7899
2024-09-18 13:05,214.7750
2024-09-18 13:04,214.7598
2024-09-18 13:03,214.7427
2024-09-18 13:02,214.7234
2024-09-18 13:01,214.7059
2024-09-18 13:00,214.6887
2024-09-18 12:59,214.6705
2024-09-18 12:58,214.6518
2024-09-18 12:57,214.6336
2024-09-18 12:56,214.6164
2024-09-18 12:55,214.5992
2024-09-18 12:54,214.5823
2024-09-18 12:53,214.5653
2024-09-18 12:52,214.5494
2024-09-18 12:51,214.5345
2024-09-18 12:50,214.5215
2024-09-18 12:49,214.5115
2024-09-18 12:48,214.5030
2024-09-18 12:47,214.4917
2024-09-18 12:46,214.4797
2024-09-18 12:45,214.4696
2024-09-18 12:44,214.4619
2024-09-18 12:43,214.4555
2024-09-18 12:42,214.4494
2024-09-18 12:41,214.4409
2024-09-18 12:40,214.4320
2024-09-18 12:39,214.4234
2024-09-18 12:38,214.4120
2024-09-18 12:37,214.4005
2024-09-18 12:36,214.3908
2024-09-18 12:35,214.3819
2024-09-18 12:34,214.3743
2024-09-18 12:33,214.3679
2024-09-18 12:32,214.3575
2024-09-18 12:31,214.3463
2024-09-18 12:30,214.3370
2024-09-18 12:29,214.3292
2024-09-18 12:28,214.3240
2024-09-18 12:27,214.3193
2024-09-18 12:26,214.3105
2024-09-18 12:25,214.3005
2024-09-18 12:24,214.2913
2024-09-18 12:23,214.2842
2024-09-18 12:22,214.2778
2024-09-18 12:21,214.2729
2024-09-18 12:20,214.2676
2024-09-18 12:19,214.2616
2024-09-18 12:18,214.2547
2024-09-18 12:17,214.2465
2024-09-18 12:16,214.2381
2024-09-18 12:15,214.2294
2024-09-18 12:14,214.2208
2024-09-18 12:13,214.2119
2024-09-18 12:12,214.2040
2024-09-18 12:11,214.1957
2024-09-18 12:10,214.1888
2024-09-18 12:09,214.1838
2024-09-18 12:08,214.1826
2024-09-18 12:07,214.1785
2024-09-18 12:06,214.1728
2024-09-18 12:05,214.1685
2024-09-18 12:04,214.1623
2024-09-18 12:03,214.1573
2024-09-18 12:02,214.1540
2024-09-18 12:01,214.1508
2024-09-18 12:00,214.1461
2024-09-18 11:59,214.1408
2024-09-18 11:58,214.1368
2024-09-18 11:57,214.1325
2024-09-18 11:56,214.1268
2024-09-18 11:55,214.1210
2024-09-18 11:54,214.1171
2024-09-18 11:53,214.1141
2024-09-18 11:52,214.1085
2024-09-18 11:51,214.1037
2024-09-18 11:50,214.0981
2024-09-18 11:49,214.0906
2024-09-18 11:48,214.0851
2024-09-18 11:47,214.0814
2024-09-18 11:46,214.0792
2024-09-18 11:45,214.0746
2024-09-18 11:44,214.0696
2024-09-18 11:43,214.0638
2024-09-18 11:42,214.0605
2024-09-18 11:41,214.0603
2024-09-18 11:40,214.0583
2024-09-18 11:39,214.0546
2024-09-18 11:38,214.0520
2024-09-18 11:37,214.0509
2024-09-18 11:36,214.0479
2024-09-18 11:35,214.0440
2024-09-18 11:34,214.0401
2024-09-18 11:33,214.0333
2024-09-18 11:32,214.0311
2024-09-18 11:31,214.0293
2024-09-18 11:30,214.0298
2024-09-18 11:29,214.0287
2024-09-18 11:28,214.0239
2024-09-18 11:27,214.0182
2024-09-18 11:26,214.0173
2024-09-18 11:25,214.0161
2024-09-18 11:24,214.0177
2024-09-18 11:23,214.0171
2024-09-18 11:22,214.0178
2024-09-18 11:21,214.0186
2024-09-18 11:20,214.0198
2024-09-18 11:19,214.0213
2024-09-18 11:18,214.0218
2024-09-18 11:17,214.0259
2024-09-18 11:16,214.0303
2024-09-18 11:15,214.0344
2024-09-18 11:14,214.0422
2024-09-18 11:13,214.0444
2024-09-18 11:12,214.0487
2024-09-18 11:11,214.0563
2024-09-18 11:10,214.0593
2024-09-18 11:09,214.0679
2024-09-18 11:08,214.0751
2024-09-18 11:07,214.0797
2024-09-18 11:06,214.0911
2024-09-18 11:05,214.1036
2024-09-18 11:04,214.1186
2024-09-18 11:03,214.1324
2024-09-18 11:02,214.1454
2024-09-18 11:01,214.1614
2024-09-18 11:00,214.1764
2024-09-18 10:59,214.1910
2024-09-18 10:58,214.1999
2024-09-18 10:57,214.2086
2024-09-18 10:56,214.2192
2024-09-18 10:55,214.2303
2024-09-18 10:54,214.2365
2024-09-18 10:53,214.2416
2024-09-18 10:52,214.2502
2024-09-18 10:51,214.2575
2024-09-18 10:50,214.2665
2024-09-18 10:49,214.2697
2024-09-18 10:48,214.2690
2024-09-18 10:47,214.2632
2024-09-18 10:46,214.2562
2024-09-18 10:45,214.2508
2024-09-18 10:44,214.2456
2024-09-18 10:43,214.2449
2024-09-18 10:42,214.2422
2024-09-18 10:41,214.2415
2024-09-18 10:40,214.2415
2024-09-18 10:39,214.2431
2024-09-18 10:38,214.2448
2024-09-18 10:37,214.2439
2024-09-18 10:36,214.2427
2024-09-18 10:35,214.2415
2024-09-18 10:34,214.2405
2024-09-18 10:33,214.2409
2024-09-18 10:32,214.2372
2024-09-18 10:31,214.2385
2024-09-18 10:30,214.2387
2024-09-18 10:29,214.2358
2024-09-18 10:28,214.2398
2024-09-18 10:27,214.2443
2024-09-18 10:26,214.2485
2024-09-18 10:25,214.2540
2024-09-18 10:24,214.2474
2024-09-18 10:23,214.2424
2024-09-18 10:22,214.2370
2024-09-18 10:21,214.2364
2024-09-18 10:20,214.2353
2024-09-18 10:19,214.2336
2024-09-18 10:18,214.2308
2024-09-18 10:17,214.2239
2024-09-18 10:16,214.2178
2024-09-18 10:15,214.2097
2024-09-18 10:14,214.1994
2024-09-18 10:13,214.1950
2024-09-18 10:12,214.1950
2024-09-18 10:11,214.1905
2024-09-18 10:10,214.1934
2024-09-18 10:09,214.1899
2024-09-18 10:08,214.1759
2024-09-18 10:07,214.1708
2024-09-18 10:06,214.1614
2024-09-18 10:05,214.1454
2024-09-18 10:04,214.1281
2024-09-18 10:03,214.1152
2024-09-18 10:02,214.1035
2024-09-18 10:01,214.0851
2024-09-18 10:00,214.0589
2024-09-18 09:59,214.0483
2024-09-18 09:58,214.0499
2024-09-18 09:57,214.0518
2024-09-18 09:56,214.0442
2024-09-18 09:55,214.0342
2024-09-18 09:54,214.0269
2024-09-18 09:53,214.0198
2024-09-18 09:52,214.0111
2024-09-18 09:51,214.0056
2024-09-18 09:50,213.9972
2024-09-18 09:49,213.9949
2024-09-18 09:48,213.9950
2024-09-18 09:47,214.0018
2024-09-18 09:46,214.0085
2024-09-18 09:45,214.0150
2024-09-18 09:44,214.0204
2024-09-18 09:43,214.0213
2024-09-18 09:42,214.0194
2024-09-18 09:41,214.0168
2024-09-18 09:40,214.0159
2024-09-18 09:39,214.0138
2024-09-18 09:38,214.0113
2024-09-18 09:37,214.0104
2024-09-18 09:36,214.0108
2024-09-18 09:35,214.0109
2024-09-18 09:34,214.0115
2024-09-18 09:33,214.0133
2024-09-18 09:32,214.0152
2024-09-18 09:31,214.0126
2024-09-18 09:30,214.0110
2024-09-18 09:29,214.0105
2024-09-18 09:27,214.0043
2024-09-18 09:22,213.9978
2024-09-18 09:20,213.9950
2024-09-18 09:19,213.9901
2024-09-18 09:18,213.9948
2024-09-18 09:16,213.9962
2024-09-18 09:13,213.9964
2024-09-18 09:12,213.9917
2024-09-18 09:11,214.0059
2024-09-18 09:09,214.0159
2024-09-18 09:06,214.0229
2024-09-18 08:59,214.0347
2024-09-18 08:58,214.0482
2024-09-18 08:56,214.0590
2024-09-18 08:55,214.0689
2024-09-18 08:53,214.0814
2024-09-18 08:52,214.0864
2024-09-18 08:51,214.0940
2024-09-18 08:50,214.0989
2024-09-18 08:48,214.0994
2024-09-18 08:46,214.1099
2024-09-18 08:45,214.1162
2024-09-18 08:44,214.1277
2024-09-18 08:43,214.1430
2024-09-18 08:42,214.1592
2024-09-18 08:36,214.1702
2024-09-18 08:35,214.1797
2024-09-18 08:31,214.1862
2024-09-18 08:30,214.2034
2024-09-18 08:28,214.1997
2024-09-18 08:27,214.1910
2024-09-18 08:25,214.1899
2024-09-18 08:24,214.1924
2024-09-18 08:23,214.1957
2024-09-18 08:22,214.1994
2024-09-18 08:21,214.2027
2024-09-18 08:18,214.2092
2024-09-18 08:15,214.2134
2024-09-18 08:14,214.2177
2024-09-18 08:10,214.2200
2024-09-18 08:07,214.2214
2024-09-18 08:06,214.2215
2024-09-18 08:05,214.2223
2024-09-18 08:02,214.2238
2024-09-18 08:01,214.2253
2024-09-18 08:00,214.2279
2024-09-18 07:57,214.2292
2024-09-18 07:56,214.2282
2024-09-18 07:53,214.2272
2024-09-18 07:52,214.2284
2024-09-18 07:51,214.2296
2024-09-18 07:50,214.2311
2024-09-18 07:48,214.2326
2024-09-18 07:47,214.2344
2024-09-18 07:43,214.2367
2024-09-18 07:42,214.2346
2024-09-18 07:36,214.2382
2024-09-18 07:29,214.2417
2024-09-18 07:28,214.2453
2024-09-18 07:27,214.2492
2024-09-18 07:16,214.2512
2024-09-18 07:12,214.2520
2024-09-18 07:07,214.2542
2024-09-18 07:06,214.2580
2024-09-18 07:02,214.2593
2024-09-18 07:01,214.2643
2024-09-18 07:00,214.2673
2024-09-18 06:35,214.2705
2024-09-18 06:18,214.2568
2024-09-18 06:15,214.2453
2024-09-18 05:59,214.2392
2024-09-18 05:56,214.2312
2024-09-18 05:54,214.2198
2024-09-18 05:52,214.2148
2024-09-18 05:49,214.2083
2024-09-18 05:30,214.2006
2024-09-18 05:26,214.1956
2024-09-18 05:19,214.1863
2024-09-18 05:18,214.1776
2024-09-18 05:11,214.1731
2024-09-18 05:01,214.1683
2024-09-18 04:57,214.1643
2024-09-18 04:56,214.1545
2024-09-18 04:53,214.1446
2024-09-18 04:47,214.1351
2024-09-18 04:46,214.1285
2024-09-18 04:39,214.1216
2024-09-18 04:28,214.1221
2024-09-18 04:23,214.1220
2024-09-18 04:15,214.1253
2024-09-18 04:12,214.1297
2024-09-18 04:11,214.1265
2024-09-18 04:04,214.1282
2024-09-18 04:03,214.1303
2024-09-18 04:01,214.1325
2024-09-17 19:59,214.1347
2024-09-17 19:58,214.1333
2024-09-17 19:57,214.1315
2024-09-17 19:56,214.1303
2024-09-17 19:55,214.1303
2024-09-17 19:54,214.1323
2024-09-17 19:51,214.1360
2024-09-17 19:50,214.1385
2024-09-17 19:47,214.1365
2024-09-17 19:36,214.1385
2024-09-17 19:32,214.1396
2024-09-17 19:29,214.1444
2024-09-17 19:25,214.1489
2024-09-17 19:22,214.1534
2024-09-17 19:17,214.1567
2024-09-17 19:12,214.1571
2024-09-17 19:00,214.1571
2024-09-17 18:59,214.1571
2024-09-17 18:55,214.1569
2024-09-17 18:52,214.1551
2024-09-17 18:47,214.1543
2024-09-17 18:43,214.1523
2024-09-17 18:42,214.1528
2024-09-17 18:38,214.1477
2024-09-17 18:34,214.1444
2024-09-17 18:30,214.1479
2024-09-17 18:28,214.1506
2024-09-17 18:26,214.1472
2024-09-17 18:22,214.1439
2024-09-17 18:14,214.1439
2024-09-17 18:12,214.1441
2024-09-17 18:07,214.1499
2024-09-17 18:04,214.1519
2024-09-17 18:03,214.1519
2024-09-17 18:01,214.1539
2024-09-17 17:58,214.1557
2024-09-17 17:54,214.1539
2024-09-17 17:51,214.1522
2024-09-17 17:48,214.1482
2024-09-17 17:45,214.1473
2024-09-17 17:44,214.1445
2024-09-17 17:40,214.1413
2024-09-17 17:35,214.1391
2024-09-17 17:34,214.1351
2024-09-17 17:33,214.1302
2024-09-17 17:32,214.1265
2024-09-17 17:31,214.1217
2024-09-17 17:30,214.1155
2024-09-17 17:29,214.1087
2024-09-17 17:28,214.1024
2024-09-17 17:26,214.0965
2024-09-17 17:22,214.0914
2024-09-17 17:18,214.0860
2024-09-17 17:14,214.0808
2024-09-17 17:12,214.0784
2024-09-17 17:09,214.0737
2024-09-17 17:08,214.0687
2024-09-17 16:57,214.0641
2024-09-17 16:52,214.0592
2024-09-17 16:45,214.0549
2024-09-17 16:44,214.0535
2024-09-17 16:43,214.0500
2024-09-17 16:42,214.0464
2024-09-17 16:41,214.0432
2024-09-17 16:39,214.0393
2024-09-17 16:38,214.0330
2024-09-17 16:37,214.0238
2024-09-17 16:36,214.0153
2024-09-17 16:35,214.0097
2024-09-17 16:34,214.0006
2024-09-17 16:32,213.9889
2024-09-17 16:30,213.9765
2024-09-17 16:27,213.9643
2024-09-17 16:25,213.9543
2024-09-17 16:23,213.9458
2024-09-17 16:22,213.9417
2024-09-17 16:20,213.9393
2024-09-17 16:19,213.9377
2024-09-17 16:18,213.9368
2024-09-17 16:17,213.9377
2024-09-17 16:15,213.9388
2024-09-17 16:14,213.9368
2024-09-17 16:13,213.9319
2024-09-17 16:12,213.9316
2024-09-17 16:10,213.9286
2024-09-17 16:09,213.9205
2024-09-17 16:07,213.9128
2024-09-17 16:06,213.9070
2024-09-17 16:05,213.9022
2024-09-17 16:04,213.9000
2024-09-17 16:03,213.8984
2024-09-17 16:02,213.8930
2024-09-17 16:01,213.8922
2024-09-17 16:00,213.8915
2024-09-17 15:59,213.8891
2024-09-17 15:58,213.8896
2024-09-17 15:57,213.8902
2024-09-17 15:56,213.8909
2024-09-17 15:55,213.8930
2024-09-17 15:54,213.8941
2024-09-17 15:53,213.8947
2024-09-17 15:52,213.8931
2024-09-17 15:51,213.8932
2024-09-17 15:50,213.8928
2024-09-17 15:49,213.8946
2024-09-17 15:48,213.8943
2024-09-17 15:47,213.8917
2024-09-17 15:46,213.8990
2024-09-17 15:45,213.9068
2024-09-17 15:44,213.9145
2024-09-17 15:43,213.9212
2024-09-17 15:42,213.9282
2024-09-17 15:41,213.9349
2024-09-17 15:40,213.9418
2024-09-17 15:39,213.9472
2024-09-17 15:38,213.9522
2024-09-17 15:37,213.9565
2024-09-17 15:36,213.9607
2024-09-17 15:35,213.9652
2024-09-17 15:34,213.9702
2024-09-17 15:33,213.9723
2024-09-17 15:32,213.9775
2024-09-17 15:31,213.9845
2024-09-17 15:30,213.9894
2024-09-17 15:29,213.9955
2024-09-17 15:28,214.0032
2024-09-17 15:27,214.0127
2024-09-17 15:26,214.0210
2024-09-17 15:25,214.0307
2024-09-17 15:24,214.0402
2024-09-17 15:23,214.0533
2024-09-17 15:22,214.0677
2024-09-17 15:21,214.0804
2024-09-17 15:20,214.0914
2024-09-17 15:19,214.0976
2024-09-17 15:18,214.1056
2024-09-17 15:17,214.1121
2024-09-17 15:16,214.1177
2024-09-17 15:15,214.1222
2024-09-17 15:14,214.1250
2024-09-17 15:13,214.1295
2024-09-17 15:12,214.1357
2024-09-17 15:11,214.1436
2024-09-17 15:10,214.1529
2024-09-17 15:09,214.1658
2024-09-17 15:08,214.1774
2024-09-17 15:07,214.1896
2024-09-17 15:06,214.2001
2024-09-17 15:05,214.2083
2024-09-17 15:04,214.2132
2024-09-17 15:03,214.2167
2024-09-17 15:02,214.2212
2024-09-17 15:01,214.2217
2024-09-17 15:00,214.2226
2024-09-17 14:59,214.2253
2024-09-17 14:58,214.2234
2024-09-17 14:57,214.2235
2024-09-17 14:56,214.2242
2024-09-17 14:55,214.2246
2024-09-17 14:54,214.2248
2024-09-17 14:53,214.2265
2024-09-17 14:52,214.2316
2024-09-17 14:51,214.2354
2024-09-17 14:50,214.2410
2024-09-17 14:49,214.2430
2024-09-17 14:48,214.2414
2024-09-17 14:47,214.2426
2024-09-17 14:46,214.2321
2024-09-17 14:45,214.2208
2024-09-17 14:44,214.2061
2024-09-17 14:43,214.1945
2024-09-17 14:42,214.1817
2024-09-17 14:41,214.1701
2024-09-17 14:40,214.1599
2024-09-17 14:39,214.1516
2024-09-17 14:38,214.1466
2024-09-17 14:37,214.1428
2024-09-17 14:36,214.1390
2024-09-17 14:35,214.1345
2024-09-17 14:34,214.1291
2024-09-17 14:33,214.1229
2024-09-17 14:32,214.1149
2024-09-17 14:31,214.1044
2024-09-17 14:30,214.0999
2024-09-17 14:29,214.0935
2024-09-17 14:28,214.0846
2024-09-17 14:27,214.0791
2024-09-17 14:26,214.0750
2024-09-17 14:25,214.0726
2024-09-17 14:24,214.0636
2024-09-17 14:23,214.0549
2024-09-17 14:22,214.0431
2024-09-17 14:21,214.0312
2024-09-17 14:20,214.0190
2024-09-17 14:19,214.0109
2024-09-17 14:18,214.0014
2024-09-17 14:17,213.9872
2024-09-17 14:16,213.9733
2024-09-17 14:15,213.9609
2024-09-17 14:14,213.9489
2024-09-17 14:13,213.9397
2024-09-17 14:12,213.9317
2024-09-17 14:11,213.9212
2024-09-17 14:10,213.9078
2024-09-17 14:09,213.8935
2024-09-17 14:08,213.8811
2024-09-17 14:07,213.8683
2024-09-17 14:06,213.8576
2024-09-17 14:05,213.8445
2024-09-17 14:04,213.8337
2024-09-17 14:03,213.8206
2024-09-17 14:02,213.8063
2024-09-17 14:01,213.7931
2024-09-17 14:00,213.7794
2024-09-17 13:59,213.7652
2024-09-17 13:58,213.7530
2024-09-17 13:57,213.7442
2024-09-17 13:56,213.7355
2024-09-17 13:55,213.7250
2024-09-17 13:54,213.7158
2024-09-17 13:53,213.7040
2024-09-17 13:52,213.6891
2024-09-17 13:51,213.6718
2024-09-17 13:50,213.6528
2024-09-17 13:49,213.6377
2024-09-17 13:48,213.6275
2024-09-17 13:47,213.6193
2024-09-17 13:46,213.6157
2024-09-17 13:45,213.6152
2024-09-17 13:44,213.6181
2024-09-17 13:43,213.6192
2024-09-17 13:42,213.6198
2024-09-17 13:41,213.6208
2024-09-17 13:40,213.6224
2024-09-17 13:39,213.6209
2024-09-17 13:38,213.6161
2024-09-17 13:37,213.6102
2024-09-17 13:36,213.6060
2024-09-17 13:35,213.6019
2024-09-17 13:34,213.5962
2024-09-17 13:33,213.5904
2024-09-17 13:32,213.5858
2024-09-17 13:31,213.5810
2024-09-17 13:30,213.5727
2024-09-17 13:29,213.5678
2024-09-17 13:28,213.5659
2024-09-17 13:27,213.5568
2024-09-17 13:26,213.5473
2024-09-17 13:25,213.5351
2024-09-17 13:24,213.5299
2024-09-17 13:23,213.5238
2024-09-17 13:22,213.5175
2024-09-17 13:21,213.5127
2024-09-17 13:20,213.5079
2024-09-17 13:19,213.5017
2024-09-17 13:18,213.4969
2024-09-17 13:17,213.4937
2024-09-17 13:16,213.4907
2024-09-17 13:15,213.4849
2024-09-17 13:14,213.4808
2024-09-17 13:13,213.4743
2024-09-17 13:12,213.4648
2024-09-17 13:11,213.4595
2024-09-17 13:10,213.4563
2024-09-17 13:09,213.4530
2024-09-17 13:08,213.4486
2024-09-17 13:07,213.4468
2024-09-17 13:06,213.4440
2024-09-17 13:05,213.4475
2024-09-17 13:04,213.4510
2024-09-17 13:03,213.4588
2024-09-17 13:02,213.4688
2024-09-17 13:01,213.4784
2024-09-17 13:00,213.4879
2024-09-17 12:59,213.4955
2024-09-17 12:58,213.5020
2024-09-17 12:57,213.5021
2024-09-17 12:56,213.5032
2024-09-17 12:55,213.5055
2024-09-17 12:54,213.5081
2024-09-17 12:53,213.5140
2024-09-17 12:52,213.5208
2024-09-17 12:51,213.5302
2024-09-17 12:50,213.5408
2024-09-17 12:49,213.5473
2024-09-17 12:48,213.5516
2024-09-17 12:47,213.5545
2024-09-17 12:46,213.5559
2024-09-17 12:45,213.5530
2024-09-17 12:44,213.5543
2024-09-17 12:43,213.5546
2024-09-17 12:42,213.5561
2024-09-17 12:41,213.5557
2024-09-17 12:40,213.5513
2024-09-17 12:39,213.5495
2024-09-17 12:38,213.5486
2024-09-17 12:37,213.5498
2024-09-17 12:36,213.5526
2024-09-17 12:35,213.5575
2024-09-17 12:34,213.5657
2024-09-17 12:33,213.5733
2024-09-17 12:32,213.5775
2024-09-17 12:31,213.5849
2024-09-17 12:30,213.5941
2024-09-17 12:29,213.6002
2024-09-17 12:28,213.6065
2024-09-17 12:27,213.6153
2024-09-17 12:26,213.6218
2024-09-17 12:25,213.6253
2024-09-17 12:24,213.6338
2024-09-17 12:23,213.6445
2024-09-17 12:22,213.6559
2024-09-17 12:21,213.6696
2024-09-17 12:20,213.6871
2024-09-17 12:19,213.7073
2024-09-17 12:18,213.7233
2024-09-17 12:17,213.7414
2024-09-17 12:16,213.7591
2024-09-17 12:15,213.7787
2024-09-17 12:14,213.7937
2024-09-17 12:13,213.8079
2024-09-17 12:12,213.8236
2024-09-17 12:11,213.8373
2024-09-17 12:10,213.8514
2024-09-17 12:09,213.8646
2024-09-17 12:08,213.8763
2024-09-17 12:07,213.8913
2024-09-17 12:06,213.9082
2024-09-17 12:05,213.9226
2024-09-17 12:04,213.9298
2024-09-17 12:03,213.9358
2024-09-17 12:02,213.9393
2024-09-17 12:01,213.9444
2024-09-17 12:00,213.9524
2024-09-17 11:59,213.9575
2024-09-17 11:58,213.9595
2024-09-17 11:57,213.9611
2024-09-17 11:56,213.9655
2024-09-17 11:55,213.9698
2024-09-17 11:54,213.9722
2024-09-17 11:53,213.9758
2024-09-17 11:52,213.9863
2024-09-17 11:51,213.9986
2024-09-17 11:50,214.0126
2024-09-17 11:49,214.0324
2024-09-17 11:48,214.0559
2024-09-17 11:47,214.0782
2024-09-17 11:46,214.1019
2024-09-17 11:45,214.1312
2024-09-17 11:44,214.1516
2024-09-17 11:43,214.1746
2024-09-17 11:42,214.1985
2024-09-17 11:41,214.2239
2024-09-17 11:40,214.2492
2024-09-17 11:39,214.2737
2024-09-17 11:38,214.2949
2024-09-17 11:37,214.3146
2024-09-17 11:36,214.3244
2024-09-17 11:35,214.3311
2024-09-17 11:34,214.3364
2024-09-17 11:33,214.3379
2024-09-17 11:32,214.3473
2024-09-17 11:31,214.3564
2024-09-17 11:30,214.3651
2024-09-17 11:29,214.3754
2024-09-17 11:28,214.3870
2024-09-17 11:27,214.3946
2024-09-17 11:26,214.4055
2024-09-17 11:25,214.4212
2024-09-17 11:24,214.4375
2024-09-17 11:23,214.4555
2024-09-17 11:22,214.4776
2024-09-17 11:21,214.4968
2024-09-17 11:20,214.5141
2024-09-17 11:19,214.5299
2024-09-17 11:18,214.5451
2024-09-17 11:17,214.5600
2024-09-17 11:16,214.5786
2024-09-17 11:15,214.5916
2024-09-17 11:14,214.6089
2024-09-17 11:13,214.6336
2024-09-17 11:12,214.6666
2024-09-17 11:11,214.7000
2024-09-17 11:10,214.7351
2024-09-17 11:09,214.7707
2024-09-17 11:08,214.8163
2024-09-17 11:07,214.8626
2024-09-17 11:06,214.9043
2024-09-17 11:05,214.9461
2024-09-17 11:04,214.9923
2024-09-17 11:03,215.0375
2024-09-17 11:02,215.0762
2024-09-17 11:01,215.1143
2024-09-17 11:00,215.1456
2024-09-17 10:59,215.1818
2024-09-17 10:58,215.2245
2024-09-17 10:57,215.2606
2024-09-17 10:56,215.2909
2024-09-17 10:55,215.3246
2024-09-17 10:54,215.3603
2024-09-17 10:53,215.3933
2024-09-17 10:52,215.4277
2024-09-17 10:51,215.4596
2024-09-17 10:50,215.4864
2024-09-17 10:49,215.5061
2024-09-17 10:48,215.5284
2024-09-17 10:47,215.5548
2024-09-17 10:46,215.5878
2024-09-17 10:45,215.6198
2024-09-17 10:44,215.6558
2024-09-17 10:43,215.6869
2024-09-17 10:42,215.7059
2024-09-17 10:41,215.7268
2024-09-17 10:40,215.7513
2024-09-17 10:39,215.7838
2024-09-17 10:38,215.8263
2024-09-17 10:37,215.8728
2024-09-17 10:36,215.9240
2024-09-17 10:35,215.9820
2024-09-17 10:34,216.0457
2024-09-17 10:33,216.1138
2024-09-17 10:32,216.1796
2024-09-17 10:31,216.2515
2024-09-17 10:30,216.3040
2024-09-17 10:29,216.3460
2024-09-17 10:28,216.3762
2024-09-17 10:27,216.4107
2024-09-17 10:26,216.4442
2024-09-17 10:25,216.4755
2024-09-17 10:24,216.4967
2024-09-17 10:23,216.5176
2024-09-17 10:22,216.5394
2024-09-17 10:21,216.5617
2024-09-17 10:20,216.5849
2024-09-17 10:19,216.6078
2024-09-17 10:18,216.6343
2024-09-17 10:17,216.6625
2024-09-17 10:16,216.6873
2024-09-17 10:15,216.7175
2024-09-17 10:14,216.7463
2024-09-17 10:13,216.7711
2024-09-17 10:12,216.7900
2024-09-17 10:11,216.8063
2024-09-17 10:10,216.8261
2024-09-17 10:09,216.8435
2024-09-17 10:08,216.8512
2024-09-17 10:07,216.8565
2024-09-17 10:06,216.8642
2024-09-17 10:05,216.8703
2024-09-17 10:04,216.8777
2024-09-17 10:03,216.8861
2024-09-17 10:02,216.8962
2024-09-17 10:01,216.9129
2024-09-17 10:00,216.9289
2024-09-17 09:59,216.9473
2024-09-17 09:58,216.9694
2024-09-17 09:57,216.9961
2024-09-17 09:56,217.0273
2024-09-17 09:55,217.0541
2024-09-17 09:54,217.0787
2024-09-17 09:53,217.1053
2024-09-17 09:52,217.1248
2024-09-17 09:51,217.1443
2024-09-17 09:50,217.1660
2024-09-17 09:49,217.1897
2024-09-17 09:48,217.2091
2024-09-17 09:47,217.2254
2024-09-17 09:46,217.2369
2024-09-17 09:45,217.2460
2024-09-17 09:44,217.2553
2024-09-17 09:43,217.2672
2024-09-17 09:42,217.2870
2024-09-17 09:41,217.3062
2024-09-17 09:40,217.3221
2024-09-17 09:39,217.3300
2024-09-17 09:38,217.3324
2024-09-17 09:37,217.3296
2024-09-17 09:36,217.3289
2024-09-17 09:35,217.3224
2024-09-17 09:34,217.3063
2024-09-17 09:33,217.2944
2024-09-17 09:32,217.2765
2024-09-17 09:31,217.2558
2024-09-17 09:30,217.2501
2024-09-17 09:29,217.2561
2024-09-17 09:27,217.2709
2024-09-17 09:26,217.2846
2024-09-17 09:25,217.2974
2024-09-17 09:24,217.3111
2024-09-17 09:23,217.3291
2024-09-17 09:22,217.3418
2024-09-17 09:21,217.3524
2024-09-17 09:20,217.3609
2024-09-17 09:19,217.3663
2024-09-17 09:18,217.3716
2024-09-17 09:14,217.3766
2024-09-17 09:12,217.3813
2024-09-17 09:09,217.3859
2024-09-17 09:08,217.3901
2024-09-17 09:07,217.3938
2024-09-17 09:06,217.3944
2024-09-17 09:04,217.3936
2024-09-17 09:02,217.3956
2024-09-17 09:00,217.3889
2024-09-17 08:57,217.3846
2024-09-17 08:53,217.3821
2024-09-17 08:51,217.3748
2024-09-17 08:50,217.3704
2024-09-17 08:49,217.3678
2024-09-17 08:46,217.3653
2024-09-17 08:45,217.3686
2024-09-17 08:44,217.3749
2024-09-17 08:43,217.3714
2024-09-17 08:41,217.3773
2024-09-17 08:40,217.3801
2024-09-17 08:39,217.3769
2024-09-17 08:38,217.3788
2024-09-17 08:37,217.3786
2024-09-17 08:36,217.3753
2024-09-17 08:35,217.3721
2024-09-17 08:32,217.3721
2024-09-17 08:31,217.3738
2024-09-17 08:30,217.3696
2024-09-17 08:29,217.3659
2024-09-17 08:27,217.3723
2024-09-17 08:26,217.3801
2024-09-17 08:25,217.3771
2024-09-17 08:24,217.3836
2024-09-17 08:22,217.3803
2024-09-17 08:18,217.3771
2024-09-17 08:17,217.3738
2024-09-17 08:16,217.3734
2024-09-17 08:14,217.3736
2024-09-17 08:13,217.3691
2024-09-17 08:11,217.3678
2024-09-17 08:09,217.3648
2024-09-17 08:08,217.3628
2024-09-17 08:07,217.3615
2024-09-17 08:02,217.3595
2024-09-17 08:01,217.3648
2024-09-17 08:00,217.3668
2024-09-17 07:58,217.3662
2024-09-17 07:52,217.3598
2024-09-17 07:51,217.3565
2024-09-17 07:50,217.3517
2024-09-17 07:49,217.3465
2024-09-17 07:45,217.3425
2024-09-17 07:43,217.3408
2024-09-17 07:39,217.3368
2024-09-17 07:35,217.3332
2024-09-17 07:33,217.3363
2024-09-17 07:29,217.3380
2024-09-17 07:19,217.3362
2024-09-17 07:12,217.3352
2024-09-17 07:10,217.3338
2024-09-17 07:03,217.3317
2024-09-17 07:02,217.3292
2024-09-17 07:00,217.3267
2024-09-17 06:49,217.3243
2024-09-17 06:45,217.3217
2024-09-17 06:38,217.3192
2024-09-17 06:30,217.3160
2024-09-17 06:28,217.3140
2024-09-17 06:27,217.3115
2024-09-17 06:25,217.3095
2024-09-17 06:24,217.3068
2024-09-17 06:22,217.3075
2024-09-17 06:21,217.3062
2024-09-17 05:59,217.3045
2024-09-17 05:57,217.3033
2024-09-17 05:56,217.2963
2024-09-17 05:54,217.2918
2024-09-17 05:37,217.2917
2024-09-17 05:21,217.2875
2024-09-17 05:20,217.2857
2024-09-17 05:12,217.2830
2024-09-17 04:47,217.2770
2024-09-17 04:32,217.2714
2024-09-17 04:31,217.2705
2024-09-17 04:26,217.2735
2024-09-17 04:15,217.2715
2024-09-17 04:12,217.2678
2024-09-17 04:11,217.2670
2024-09-17 04:10,217.2703
2024-09-17 04:06,217.2655
2024-09-17 04:01,217.2588
2024-09-17 04:00,217.2582
2024-09-16 19:59,217.2516
2024-09-16 19:57,217.2549
2024-09-16 19:56,217.2525
2024-09-16 19:55,217.2524
2024-09-16 19:53,217.2494
2024-09-16 19:51,217.2429
2024-09-16 19:49,217.2429
2024-09-16 19:45,217.2460
2024-09-16 19:36,217.2444
2024-09-16 19:34,217.2400
2024-09-16 19:28,217.2434
2024-09-16 19:22,217.2417
2024-09-16 19:17,217.2417
2024-09-16 19:10,217.2417
2024-09-16 19:05,217.2480
2024-09-16 19:02,217.2544
2024-09-16 19:01,217.2545
2024-09-16 19:00,217.2594
2024-09-16 18:50,217.2594
2024-09-16 18:42,217.2594
2024-09-16 18:32,217.2634
2024-09-16 18:30,217.2642
2024-09-16 18:27,217.2642
2024-09-16 18:23,217.2585
2024-09-16 18:21,217.2558
2024-09-16 18:18,217.2608
2024-09-16 18:15,217.2650
2024-09-16 18:14,217.2684
2024-09-16 18:12,217.2725
2024-09-16 18:11,217.2732
2024-09-16 18:08,217.2739
2024-09-16 18:02,217.2728
2024-09-16 17:56,217.2713
2024-09-16 17:54,217.2694
2024-09-16 17:53,217.2676
2024-09-16 17:51,217.2638
2024-09-16 17:47,217.2631
2024-09-16 17:45,217.2608
2024-09-16 17:44,217.2591
2024-09-16 17:40,217.2565
2024-09-16 17:37,217.2536
2024-09-16 17:34,217.2505
2024-09-16 17:26,217.2462
2024-09-16 17:25,217.2417
2024-09-16 17:19,217.2381
2024-09-16 17:18,217.2346
2024-09-16 17:17,217.2315
2024-09-16 17:13,217.2260
2024-09-16 17:11,217.2206
2024-09-16 17:09,217.2191
2024-09-16 17:05,217.2170
2024-09-16 17:01,217.2135
2024-09-16 17:00,217.2062
2024-09-16 16:59,217.1971
2024-09-16 16:58,217.1880
2024-09-16 16:57,217.1820
2024-09-16 16:54,217.1719
2024-09-16 16:52,217.1607
2024-09-16 16:51,217.1499
2024-09-16 16:50,217.1437
2024-09-16 16:43,217.1320
2024-09-16 16:42,217.1198
2024-09-16 16:41,217.1138
2024-09-16 16:40,217.1072
2024-09-16 16:39,217.1040
2024-09-16 16:35,217.1022
2024-09-16 16:32,217.0986
2024-09-16 16:30,217.0886
2024-09-16 16:26,217.0834
2024-09-16 16:25,217.0809
2024-09-16 16:20,217.0706
2024-09-16 16:19,217.0671
2024-09-16 16:18,217.0573
2024-09-16 16:16,217.0483
2024-09-16 16:15,217.0389
2024-09-16 16:10,217.0286
2024-09-16 16:09,217.0248
2024-09-16 16:07,217.0159
2024-09-16 16:05,217.0118
2024-09-16 16:02,217.0091
2024-09-16 16:01,217.0029
2024-09-16 16:00,217.0021
2024-09-16 15:59,217.0017
2024-09-16 15:58,217.0020
2024-09-16 15:57,216.9984
2024-09-16 15:56,216.9939
2024-09-16 15:55,216.9903
2024-09-16 15:54,216.9866
2024-09-16 15:53,216.9809
2024-09-16 15:52,216.9791
2024-09-16 15:51,216.9762
2024-09-16 15:50,216.9754
2024-09-16 15:49,216.9760
2024-09-16 15:48,216.9758
2024-09-16 15:47,216.9752
2024-09-16 15:46,216.9740
2024-09-16 15:45,216.9710
2024-09-16 15:44,216.9685
2024-09-16 15:43,216.9677
2024-09-16 15:42,216.9674
2024-09-16 15:41,216.9692
2024-09-16 15:40,216.9718
2024-09-16 15:39,216.9744
2024-09-16 15:38,216.9777
2024-09-16 15:37,216.9797
2024-09-16 15:36,216.9823
2024-09-16 15:35,216.9854
2024-09-16 15:34,216.9899
2024-09-16 15:33,216.9946
2024-09-16 15:32,216.9988
2024-09-16 15:31,217.0033
2024-09-16 15:30,217.0087
2024-09-16 15:29,217.0158
2024-09-16 15:28,217.0249
2024-09-16 15:27,217.0344
2024-09-16 15:26,217.0440
2024-09-16 15:25,217.0540
2024-09-16 15:24,217.0647
2024-09-16 15:23,217.0752
2024-09-16 15:22,217.0867
2024-09-16 15:21,217.0968
2024-09-16 15:20,217.1066
2024-09-16 15:19,217.1151
2024-09-16 15:18,217.1227
2024-09-16 15:17,217.1283
2024-09-16 15:16,217.1330
2024-09-16 15:15,217.1389
2024-09-16 15:14,217.1445
2024-09-16 15:13,217.1497
2024-09-16 15:12,217.1555
2024-09-16 15:11,217.1612
2024-09-16 15:10,217.1662
2024-09-16 15:09,217.1725
2024-09-16 15:08,217.1773
2024-09-16 15:07,217.1828
2024-09-16 15:06,217.1897
2024-09-16 15:05,217.1980
2024-09-16 15:04,217.2065
2024-09-16 15:03,217.2138
2024-09-16 15:02,217.2203
2024-09-16 15:01,217.2243
2024-09-16 15:00,217.2285
2024-09-16 14:59,217.2338
2024-09-16 14:58,217.2388
2024-09-16 14:57,217.2454
2024-09-16 14:56,217.2513
2024-09-16 14:55,217.2570
2024-09-16 14:54,217.2644
2024-09-16 14:53,217.2720
2024-09-16 14:52,217.2779
2024-09-16 14:51,217.2842
2024-09-16 14:50,217.2890
2024-09-16 14:49,217.2934
2024-09-16 14:48,217.2993
2024-09-16 14:47,217.3043
2024-09-16 14:46,217.3088
2024-09-16 14:45,217.3168
2024-09-16 14:44,217.3255
2024-09-16 14:43,217.3329
2024-09-16 14:42,217.3397
2024-09-16 14:41,217.3440
2024-09-16 14:40,217.3477
2024-09-16 14:39,217.3535
2024-09-16 14:38,217.3588
2024-09-16 14:37,217.3601
2024-09-16 14:36,217.3593
2024-09-16 14:35,217.3569
2024-09-16 14:34,217.3550
2024-09-16 14:33,217.3558
2024-09-16 14:32,217.3574
2024-09-16 14:31,217.3619
2024-09-16 14:30,217.3662
2024-09-16 14:29,217.3685
2024-09-16 14:28,217.3689
2024-09-16 14:27,217.3670
2024-09-16 14:26,217.3657
2024-09-16 14:25,217.3638
2024-09-16 14:24,217.3633
2024-09-16 14:23,217.3659
2024-09-16 14:22,217.3678
2024-09-16 14:21,217.3702
2024-09-16 14:20,217.3740
2024-09-16 14:19,217.3784
2024-09-16 14:18,217.3837
2024-09-16 14:17,217.3885
2024-09-16 14:16,217.3935
2024-09-16 14:15,217.3990
2024-09-16 14:14,217.4043
2024-09-16 14:13,217.4099
2024-09-16 14:12,217.4149
2024-09-16 14:11,217.4203
2024-09-16 14:10,217.4259
2024-09-16 14:09,217.4304
2024-09-16 14:08,217.4345
2024-09-16 14:07,217.4381
2024-09-16 14:06,217.4411
2024-09-16 14:05,217.4421
2024-09-16 14:04,217.4425
2024-09-16 14:03,217.4438
2024-09-16 14:02,217.4450
2024-09-16 14:01,217.4466
2024-09-16 14:00,217.4480
2024-09-16 13:59,217.4477
2024-09-16 13:58,217.4465
2024-09-16 13:57,217.4465
2024-09-16 13:56,217.4449
2024-09-16 13:55,217.4443
2024-09-16 13:54,217.4426
2024-09-16 13:53,217.4418
2024-09-16 13:52,217.4412
2024-09-16 13:51,217.4425
2024-09-16 13:50,217.4449
2024-09-16 13:49,217.4465
2024-09-16 13:48,217.4477
2024-09-16 13:47,217.4489
2024-09-16 13:46,217.4537
2024-09-16 13:45,217.4585
2024-09-16 13:44,217.4598
2024-09-16 13:43,217.4594
2024-09-16 13:42,217.4584
2024-09-16 13:41,217.4583
2024-09-16 13:40,217.4573
2024-09-16 13:39,217.4545
2024-09-16 13:38,217.4513
2024-09-16 13:37,217.4542
2024-09-16 13:36,217.4581
2024-09-16 13:35,217.4628
2024-09-16 13:34,217.4658
2024-09-16 13:33,217.4662
2024-09-16 13:32,217.4660
2024-09-16 13:31,217.4628
2024-09-16 13:30,217.4625
2024-09-16 13:29,217.4621
2024-09-16 13:28,217.4656
2024-09-16 13:27,217.4706
2024-09-16 13:26,217.4750
2024-09-16 13:25,217.4806
2024-09-16 13:24,217.4819
2024-09-16 13:23,217.4786
2024-09-16 13:22,217.4762
2024-09-16 13:21,217.4751
2024-09-16 13:20,217.4720
2024-09-16 13:19,217.4677
2024-09-16 13:18,217.4624
2024-09-16 13:17,217.4583
2024-09-16 13:16,217.4548
2024-09-16 13:15,217.4532
2024-09-16 13:14,217.4527
2024-09-16 13:13,217.4502
2024-09-16 13:12,217.4489
2024-09-16 13:11,217.4454
2024-09-16 13:10,217.4417
2024-09-16 13:09,217.4396
2024-09-16 13:08,217.4376
2024-09-16 13:07,217.4369
2024-09-16 13:06,217.4364
2024-09-16 13:05,217.4343
2024-09-16 13:04,217.4317
2024-09-16 13:03,217.4315
2024-09-16 13:02,217.4318
2024-09-16 13:01,217.4325
2024-09-16 13:00,217.4327
2024-09-16 12:59,217.4347
2024-09-16 12:58,217.4385
2024-09-16 12:57,217.4393
2024-09-16 12:56,217.4414
2024-09-16 12:55,217.4427
2024-09-16 12:54,217.4441
2024-09-16 12:53,217.4442
2024-09-16 12:52,217.4449
2024-09-16 12:51,217.4420
2024-09-16 12:50,217.4393
2024-09-16 12:49,217.4365
2024-09-16 12:48,217.4337
2024-09-16 12:47,217.4338
2024-09-16 12:46,217.4285
2024-09-16 12:45,217.4203
2024-09-16 12:44,217.4136
2024-09-16 12:43,217.4081
2024-09-16 12:42,217.4056
2024-09-16 12:41,217.4040
2024-09-16 12:40,217.4002
2024-09-16 12:39,217.3939
2024-09-16 12:38,217.3882
2024-09-16 12:37,217.3804
2024-09-16 12:36,217.3718
2024-09-16 12:35,217.3642
2024-09-16 12:34,217.3577
2024-09-16 12:33,217.3507
2024-09-16 12:32,217.3425
2024-09-16 12:31,217.3357
2024-09-16 12:30,217.3275
2024-09-16 12:29,217.3188
2024-09-16 12:28,217.3062
2024-09-16 12:27,217.2926
2024-09-16 12:26,217.2813
2024-09-16 12:25,217.2717
2024-09-16 12:24,217.2658
2024-09-16 12:23,217.2608
2024-09-16 12:22,217.2525
2024-09-16 12:21,217.2413
2024-09-16 12:20,217.2308
2024-09-16 12:19,217.2209
2024-09-16 12:18,217.2093
2024-09-16 12:17,217.1986
2024-09-16 12:16,217.1860
2024-09-16 12:15,217.1722
2024-09-16 12:14,217.1562
2024-09-16 12:13,217.1421
2024-09-16 12:12,217.1264
2024-09-16 12:11,217.1140
2024-09-16 12:10,217.1023
2024-09-16 12:09,217.0886
2024-09-16 12:08,217.0771
2024-09-16 12:07,217.0638
2024-09-16 12:06,217.0528
2024-09-16 12:05,217.0397
2024-09-16 12:04,217.0282
2024-09-16 12:03,217.0119
2024-09-16 12:02,216.9939
2024-09-16 12:01,216.9756
2024-09-16 12:00,216.9571
2024-09-16 11:59,216.9384
2024-09-16 11:58,216.9203
2024-09-16 11:57,216.9040
2024-09-16 11:56,216.8874
2024-09-16 11:55,216.8705
2024-09-16 11:54,216.8532
2024-09-16 11:53,216.8369
2024-09-16 11:52,216.8224
2024-09-16 11:51,216.8091
2024-09-16 11:50,216.7998
2024-09-16 11:49,216.7939
2024-09-16 11:48,216.7873
2024-09-16 11:47,216.7769
2024-09-16 11:46,216.7715
2024-09-16 11:45,216.7671
2024-09-16 11:44,216.7661
2024-09-16 11:43,216.7586
2024-09-16 11:42,216.7467
2024-09-16 11:41,216.7320
2024-09-16 11:40,216.7202
2024-09-16 11:39,216.7108
2024-09-16 11:38,216.7031
2024-09-16 11:37,216.6953
2024-09-16 11:36,216.6868
2024-09-16 11:35,216.6752
2024-09-16 11:34,216.6636
2024-09-16 11:33,216.6519
2024-09-16 11:32,216.6439
2024-09-16 11:31,216.6371
2024-09-16 11:30,216.6308
2024-09-16 11:29,216.6264
2024-09-16 11:28,216.6233
2024-09-16 11:27,216.6230
2024-09-16 11:26,216.6189
2024-09-16 11:25,216.6118
2024-09-16 11:24,216.6044
2024-09-16 11:23,216.5989
2024-09-16 11:22,216.6026
2024-09-16 11:21,216.6068
2024-09-16 11:20,216.6125
2024-09-16 11:19,216.6134
2024-09-16 11:18,216.6168
2024-09-16 11:17,216.6216
2024-09-16 11:16,216.6249
2024-09-16 11:15,216.6262
2024-09-16 11:14,216.6292
2024-09-16 11:13,216.6312
2024-09-16 11:12,216.6412
2024-09-16 11:11,216.6511
2024-09-16 11:10,216.6648
2024-09-16 11:09,216.6793
2024-09-16 11:08,216.6959
2024-09-16 11:07,216.7126
2024-09-16 11:06,216.7261
2024-09-16 11:05,216.7446
2024-09-16 11:04,216.7596
2024-09-16 11:03,216.7795
2024-09-16 11:02,216.8011
2024-09-16 11:01,216.8195
2024-09-16 11:00,216.8341
2024-09-16 10:59,216.8489
2024-09-16 10:58,216.8701
2024-09-16 10:57,216.8856
2024-09-16 10:56,216.9008
2024-09-16 10:55,216.9116
2024-09-16 10:54,216.9299
2024-09-16 10:53,216.9520
2024-09-16 10:52,216.9699
2024-09-16 10:51,216.9900
2024-09-16 10:50,217.0030
2024-09-16 10:49,217.0133
2024-09-16 10:48,217.0239
2024-09-16 10:47,217.0314
2024-09-16 10:46,217.0356
2024-09-16 10:45,217.0391
2024-09-16 10:44,217.0379
2024-09-16 10:43,217.0386
2024-09-16 10:42,217.0478
2024-09-16 10:41,217.0586
2024-09-16 10:40,217.0659
2024-09-16 10:39,217.0676
2024-09-16 10:38,217.0658
2024-09-16 10:37,217.0681
2024-09-16 10:36,217.0741
2024-09-16 10:35,217.0815
2024-09-16 10:34,217.0945
2024-09-16 10:33,217.1067
2024-09-16 10:32,217.1114
2024-09-16 10:31,217.1266
2024-09-16 10:30,217.1258
2024-09-16 10:29,217.1146
2024-09-16 10:28,217.1018
2024-09-16 10:27,217.0820
2024-09-16 10:26,217.0633
2024-09-16 10:25,217.0446
2024-09-16 10:24,217.0223
2024-09-16 10:23,216.9958
2024-09-16 10:22,216.9653
2024-09-16 10:21,216.9368
2024-09-16 10:20,216.9001
2024-09-16 10:19,216.8725
2024-09-16 10:18,216.8402
2024-09-16 10:17,216.8154
2024-09-16 10:16,216.7945
2024-09-16 10:15,216.7701
2024-09-16 10:14,216.7554
2024-09-16 10:13,216.7360
2024-09-16 10:12,216.7052
2024-09-16 10:11,216.6727
2024-09-16 10:10,216.6350
2024-09-16 10:09,216.5965
2024-09-16 10:08,216.5519
2024-09-16 10:07,216.4951
2024-09-16 10:06,216.4404
2024-09-16 10:05,216.3952
2024-09-16 10:04,216.3527
2024-09-16 10:03,216.3082
2024-09-16 10:02,216.2621
2024-09-16 10:01,216.2185
2024-09-16 10:00,216.1798
2024-09-16 09:59,216.1399
2024-09-16 09:58,216.0863
2024-09-16 09:57,216.0427
2024-09-16 09:56,215.9922
2024-09-16 09:55,215.9417
2024-09-16 09:54,215.8949
2024-09-16 09:53,215.8416
2024-09-16 09:52,215.7916
2024-09-16 09:51,215.7413
2024-09-16 09:50,215.6948
2024-09-16 09:49,215.6493
2024-09-16 09:48,215.6040
2024-09-16 09:47,215.5642
2024-09-16 09:46,215.5217
2024-09-16 09:45,215.4858
2024-09-16 09:44,215.4470
2024-09-16 09:43,215.4123
2024-09-16 09:42,215.3721
2024-09-16 09:41,215.3314
2024-09-16 09:40,215.2984
2024-09-16 09:39,215.2729
2024-09-16 09:38,215.2434
2024-09-16 09:37,215.2104
2024-09-16 09:36,215.1758
2024-09-16 09:35,215.1345
2024-09-16 09:34,215.0889
2024-09-16 09:33,215.0452
2024-09-16 09:32,215.0059
2024-09-16 09:31,214.9533
2024-09-16 09:30,214.9266
2024-09-16 09:29,214.9079
2024-09-16 09:28,214.8896
2024-09-16 09:27,214.8718
2024-09-16 09:26,214.8551
2024-09-16 09:24,214.8424
2024-09-16 09:22,214.8330
2024-09-16 09:21,214.8227
2024-09-16 09:19,214.8094
2024-09-16 09:18,214.7954
2024-09-16 09:17,214.7840
2024-09-16 09:15,214.7734
2024-09-16 09:12,214.7667
2024-09-16 09:11,214.7474
2024-09-16 09:10,214.7297
2024-09-16 09:03,214.7167
2024-09-16 09:01,214.6943
2024-09-16 09:00,214.6685
2024-09-16 08:59,214.6533
2024-09-16 08:58,214.6411
2024-09-16 08:57,214.6308
2024-09-16 08:55,214.6248
2024-09-16 08:54,214.6216
2024-09-16 08:53,214.6308
2024-09-16 08:52,214.6391
2024-09-16 08:51,214.6371
2024-09-16 08:50,214.6358
2024-09-16 08:49,214.6346
2024-09-16 08:48,214.6339
2024-09-16 08:47,214.6339
2024-09-16 08:46,214.6323
2024-09-16 08:44,214.6321
2024-09-16 08:43,214.6356
2024-09-16 08:41,214.6338
2024-09-16 08:40,214.6393
2024-09-16 08:39,214.6486
2024-09-16 08:38,214.6474
2024-09-16 08:37,214.6498
2024-09-16 08:36,214.6436
2024-09-16 08:33,214.6453
2024-09-16 08:32,214.6481
2024-09-16 08:29,214.6503
2024-09-16 08:28,214.6504
2024-09-16 08:27,214.6602
2024-09-16 08:25,214.6655
2024-09-16 08:24,214.6645
2024-09-16 08:23,214.6690
2024-09-16 08:22,214.6763
2024-09-16 08:21,214.6800
2024-09-16 08:20,214.6958
2024-09-16 08:13,214.6977
2024-09-16 08:10,214.7073
2024-09-16 08:09,214.7100
2024-09-16 08:08,214.7127
2024-09-16 08:07,214.7075
2024-09-16 08:06,214.7175
2024-09-16 08:05,214.7340
2024-09-16 08:04,214.7392
2024-09-16 08:03,214.7465
2024-09-16 08:02,214.7543
2024-09-16 08:01,214.7510
2024-09-16 08:00,214.7467
2024-09-16 07:59,214.7435
2024-09-16 07:58,214.7483
2024-09-16 07:56,214.7500
2024-09-16 07:55,214.7510
2024-09-16 07:54,214.7522
2024-09-16 07:48,214.7568
2024-09-16 07:47,214.7617
2024-09-16 07:46,214.7663
2024-09-16 07:44,214.7758
2024-09-16 07:41,214.7805
2024-09-16 07:38,214.7852
2024-09-16 07:37,214.7895
2024-09-16 07:30,214.7958
2024-09-16 07:29,214.8023
2024-09-16 07:28,214.8087
2024-09-16 07:27,214.8227
2024-09-16 07:26,214.8320
2024-09-16 07:24,214.8354
2024-09-16 07:22,214.8344
2024-09-16 07:20,214.8304
2024-09-16 07:18,214.8310
2024-09-16 07:17,214.8282
2024-09-16 07:16,214.8243
2024-09-16 07:15,214.8240
2024-09-16 07:14,214.8235
2024-09-16 07:13,214.8230
2024-09-16 07:12,214.8225
2024-09-16 07:11,214.8172
2024-09-16 07:01,214.8130
2024-09-16 07:00,214.8068
2024-09-16 06:54,214.8083
2024-09-16 06:49,214.8088
2024-09-16 06:39,214.8115
2024-09-16 06:29,214.8083
2024-09-16 06:28,214.8097
2024-09-16 06:23,214.8103
2024-09-16 06:22,214.8193
2024-09-16 06:19,214.8195
2024-09-16 05:51,214.8195
2024-09-16 05:44,214.8193
2024-09-16 05:20,214.8213
2024-09-16 05:19,214.8077
2024-09-16 05:00,214.8054
2024-09-16 04:43,214.8029
2024-09-16 04:38,214.8072
2024-09-16 04:30,214.8090
2024-09-16 04:27,214.8039
2024-09-16 04:15,214.7880
2024-09-16 04:12,214.7844
2024-09-16 04:08,214.7749
2024-09-16 04:07,214.7747
2024-09-16 04:03,214.7745
2024-09-16 04:02,214.7897
2024-09-16 04:00,214.7915
2024-09-13 19:58,214.7834
2024-09-13 19:57,214.7854
2024-09-13 19:55,214.7854
2024-09-13 19:54,214.7815
2024-09-13 19:50,214.7799
2024-09-13 19:44,214.7804
2024-09-13 19:43,214.7820
2024-09-13 19:41,214.7820
2024-09-13 19:40,214.7852
2024-09-13 19:34,214.7852
2024-09-13 19:28,214.7852
2024-09-13 19:07,214.7840
2024-09-13 19:05,214.7825
2024-09-13 19:00,214.7827
2024-09-13 18:59,214.7827
2024-09-13 18:54,214.7829
2024-09-13 18:53,214.7832
2024-09-13 18:43,214.7880
2024-09-13 18:37,214.7846
2024-09-13 18:33,214.7805
2024-09-13 18:30,214.7773
2024-09-13 18:18,214.7806
2024-09-13 18:15,214.7829
2024-09-13 18:14,214.7879
2024-09-13 18:11,214.7929
2024-09-13 18:10,214.7954
2024-09-13 18:00,214.7914
2024-09-13 17:59,214.7917
2024-09-13 17:56,214.7920
2024-09-13 17:52,214.7868
2024-09-13 17:50,214.7798
2024-09-13 17:46,214.7718
2024-09-13 17:43,214.7631
2024-09-13 17:42,214.7581
2024-09-13 17:41,214.7529
2024-09-13 17:38,214.7492
2024-09-13 17:34,214.7380
2024-09-13 17:30,214.7268
2024-09-13 17:24,214.7125
2024-09-13 17:23,214.7058
2024-09-13 17:21,214.6975
2024-09-13 17:19,214.6930
2024-09-13 17:18,214.6858
2024-09-13 17:17,214.6803
2024-09-13 17:15,214.6750
2024-09-13 17:08,214.6725
2024-09-13 17:01,214.6705
2024-09-13 16:55,214.6740
2024-09-13 16:50,214.6726
2024-09-13 16:45,214.6726
2024-09-13 16:42,214.6670
2024-09-13 16:41,214.6603
2024-09-13 16:39,214.6636
2024-09-13 16:37,214.6656
2024-09-13 16:33,214.6660
2024-09-13 16:31,214.6635
2024-09-13 16:30,214.6640
2024-09-13 16:27,214.6634
2024-09-13 16:23,214.6564
2024-09-13 16:22,214.6547
2024-09-13 16:20,214.6534
2024-09-13 16:18,214.6519
2024-09-13 16:17,214.6482
2024-09-13 16:16,214.6469
2024-09-13 16:15,214.6419
2024-09-13 16:13,214.6381
2024-09-13 16:11,214.6361
2024-09-13 16:10,214.6344
2024-09-13 16:07,214.6330
2024-09-13 16:06,214.6308
2024-09-13 16:05,214.6278
2024-09-13 16:03,214.6266
2024-09-13 16:02,214.6256
2024-09-13 16:01,214.6218
2024-09-13 16:00,214.6170
2024-09-13 15:59,214.6100
2024-09-13 15:58,214.6062
2024-09-13 15:57,214.6017
2024-09-13 15:56,214.5986
2024-09-13 15:55,214.5951
2024-09-13 15:54,214.5911
2024-09-13 15:53,214.5824
2024-09-13 15:52,214.5725
2024-09-13 15:51,214.5629
2024-09-13 15:50,214.5580
2024-09-13 15:49,214.5565
2024-09-13 15:48,214.5567
2024-09-13 15:47,214.5588
2024-09-13 15:46,214.5644
2024-09-13 15:45,214.5721
2024-09-13 15:44,214.5815
2024-09-13 15:43,214.5905
2024-09-13 15:42,214.5989
2024-09-13 15:41,214.6095
2024-09-13 15:40,214.6193
2024-09-13 15:39,214.6261
2024-09-13 15:38,214.6360
2024-09-13 15:37,214.6507
2024-09-13 15:36,214.6647
2024-09-13 15:35,214.6769
2024-09-13 15:34,214.6870
2024-09-13 15:33,214.6972
2024-09-13 15:32,214.7122
2024-09-13 15:31,214.7249
2024-09-13 15:30,214.7339
2024-09-13 15:29,214.7404
2024-09-13 15:28,214.7468
2024-09-13 15:27,214.7541
2024-09-13 15:26,214.7622
2024-09-13 15:25,214.7693
2024-09-13 15:24,214.7742
2024-09-13 15:23,214.7799
2024-09-13 15:22,214.7859
2024-09-13 15:21,214.7934
2024-09-13 15:20,214.7989
2024-09-13 15:19,214.8044
2024-09-13 15:18,214.8105
2024-09-13 15:17,214.8176
2024-09-13 15:16,214.8235
2024-09-13 15:15,214.8303
2024-09-13 15:14,214.8375
2024-09-13 15:13,214.8450
2024-09-13 15:12,214.8551
2024-09-13 15:11,214.8668
2024-09-13 15:10,214.8806
2024-09-13 15:09,214.8946
2024-09-13 15:08,214.9068
2024-09-13 15:07,214.9184
2024-09-13 15:06,214.9271
2024-09-13 15:05,214.9343
2024-09-13 15:04,214.9418
2024-09-13 15:03,214.9490
2024-09-13 15:02,214.9566
2024-09-13 15:01,214.9671
2024-09-13 15:00,214.9768
2024-09-13 14:59,214.9891
2024-09-13 14:58,215.0051
2024-09-13 14:57,215.0201
2024-09-13 14:56,215.0402
2024-09-13 14:55,215.0634
2024-09-13 14:54,215.0854
2024-09-13 14:53,215.1050
2024-09-13 14:52,215.1270
2024-09-13 14:51,215.1482
2024-09-13 14:50,215.1667
2024-09-13 14:49,215.1845
2024-09-13 14:48,215.2030
2024-09-13 14:47,215.2177
2024-09-13 14:46,215.2296
2024-09-13 14:45,215.2393
2024-09-13 14:44,215.2474
2024-09-13 14:43,215.2567
2024-09-13 14:42,215.2667
2024-09-13 14:41,215.2749
2024-09-13 14:40,215.2854
2024-09-13 14:39,215.2975
2024-09-13 14:38,215.3049
2024-09-13 14:37,215.3090
2024-09-13 14:36,215.3142
2024-09-13 14:35,215.3197
2024-09-13 14:34,215.3240
2024-09-13 14:33,215.3242
2024-09-13 14:32,215.3205
2024-09-13 14:31,215.3161
2024-09-13 14:30,215.3130
2024-09-13 14:29,215.3097
2024-09-13 14:28,215.3051
2024-09-13 14:27,215.3004
2024-09-13 14:26,215.2944
2024-09-13 14:25,215.2885
2024-09-13 14:24,215.2842
2024-09-13 14:23,215.2797
2024-09-13 14:22,215.2764
2024-09-13 14:21,215.2704
2024-09-13 14:20,215.2660
2024-09-13 14:19,215.2637
2024-09-13 14:18,215.2602
2024-09-13 14:17,215.2575
2024-09-13 14:16,215.2555
2024-09-13 14:15,215.2517
2024-09-13 14:14,215.2486
2024-09-13 14:13,215.2475
2024-09-13 14:12,215.2457
2024-09-13 14:11,215.2429
2024-09-13 14:10,215.2407
2024-09-13 14:09,215.2362
2024-09-13 14:08,215.2316
2024-09-13 14:07,215.2262
2024-09-13 14:06,215.2228
2024-09-13 14:05,215.2232
2024-09-13 14:04,215.2228
2024-09-13 14:03,215.2218
2024-09-13 14:02,215.2216
2024-09-13 14:01,215.2177
2024-09-13 14:00,215.2161
2024-09-13 13:59,215.2128
2024-09-13 13:58,215.2018
2024-09-13 13:57,215.1916
2024-09-13 13:56,215.1788
2024-09-13 13:55,215.1635
2024-09-13 13:54,215.1490
2024-09-13 13:53,215.1383
2024-09-13 13:52,215.1246
2024-09-13 13:51,215.1135
2024-09-13 13:50,215.0994
2024-09-13 13:49,215.0832
2024-09-13 13:48,215.0657
2024-09-13 13:47,215.0494
2024-09-13 13:46,215.0344
2024-09-13 13:45,215.0212
2024-09-13 13:44,215.0081
2024-09-13 13:43,214.9948
2024-09-13 13:42,214.9824
2024-09-13 13:41,214.9727
2024-09-13 13:40,214.9649
2024-09-13 13:39,214.9570
2024-09-13 13:38,214.9537
2024-09-13 13:37,214.9496
2024-09-13 13:36,214.9474
2024-09-13 13:35,214.9416
2024-09-13 13:34,214.9374
2024-09-13 13:33,214.9356
2024-09-13 13:32,214.9366
2024-09-13 13:31,214.9370
2024-09-13 13:30,214.9378
2024-09-13 13:29,214.9382
2024-09-13 13:28,214.9402
2024-09-13 13:27,214.9399
2024-09-13 13:26,214.9423
2024-09-13 13:25,214.9444
2024-09-13 13:24,214.9460
2024-09-13 13:23,214.9478
2024-09-13 13:22,214.9492
2024-09-13 13:21,214.9522
2024-09-13 13:20,214.9552
2024-09-13 13:19,214.9555
2024-09-13 13:18,214.9578
2024-09-13 13:17,214.9594
2024-09-13 13:16,214.9583
2024-09-13 13:15,214.9589
2024-09-13 13:14,214.9602
2024-09-13 13:13,214.9627
2024-09-13 13:12,214.9663
2024-09-13 13:11,214.9714
2024-09-13 13:10,214.9742
2024-09-13 13:09,214.9790
2024-09-13 13:08,214.9849
2024-09-13 13:07,214.9894
2024-09-13 13:06,214.9938
2024-09-13 13:05,214.9953
2024-09-13 13:04,215.0001
2024-09-13 13:03,215.0031
2024-09-13 13:02,215.0062
2024-09-13 13:01,215.0115
2024-09-13 13:00,215.0198
2024-09-13 12:59,215.0308
2024-09-13 12:58,215.0422
2024-09-13 12:57,215.0538
2024-09-13 12:56,215.0643
2024-09-13 12:55,215.0774
2024-09-13 12:54,215.0932
2024-09-13 12:53,215.1081
2024-09-13 12:52,215.1253
2024-09-13 12:51,215.1421
2024-09-13 12:50,215.1608
2024-09-13 12:49,215.1805
2024-09-13 12:48,215.2006
2024-09-13 12:47,215.2235
2024-09-13 12:46,215.2417
2024-09-13 12:45,215.2586
2024-09-13 12:44,215.2771
2024-09-13 12:43,215.2941
2024-09-13 12:42,215.3095
2024-09-13 12:41,215.3217
2024-09-13 12:40,215.3284
2024-09-13 12:39,215.3340
2024-09-13 12:38,215.3386
2024-09-13 12:37,215.3445
2024-09-13 12:36,215.3510
2024-09-13 12:35,215.3615
2024-09-13 12:34,215.3706
2024-09-13 12:33,215.3764
2024-09-13 12:32,215.3818
2024-09-13 12:31,215.3890
2024-09-13 12:30,215.3962
2024-09-13 12:29,215.4020
2024-09-13 12:28,215.4047
2024-09-13 12:27,215.4124
2024-09-13 12:26,215.4171
2024-09-13 12:25,215.4221
2024-09-13 12:24,215.4276
2024-09-13 12:23,215.4339
2024-09-13 12:22,215.4370
2024-09-13 12:21,215.4430
2024-09-13 12:20,215.4461
2024-09-13 12:19,215.4479
2024-09-13 12:18,215.4508
2024-09-13 12:17,215.4525
2024-09-13 12:16,215.4532
2024-09-13 12:15,215.4499
2024-09-13 12:14,215.4462
2024-09-13 12:13,215.4391
2024-09-13 12:12,215.4306
2024-09-13 12:11,215.4195
2024-09-13 12:10,215.4084
2024-09-13 12:09,215.4010
2024-09-13 12:08,215.3926
2024-09-13 12:07,215.3855
2024-09-13 12:06,215.3763
2024-09-13 12:05,215.3702
2024-09-13 12:04,215.3597
2024-09-13 12:03,215.3494
2024-09-13 12:02,215.3365
2024-09-13 12:01,215.3221
2024-09-13 12:00,215.3053
2024-09-13 11:59,215.2859
2024-09-13 11:58,215.2674
2024-09-13 11:57,215.2450
2024-09-13 11:56,215.2221
2024-09-13 11:55,215.2046
2024-09-13 11:54,215.1829
2024-09-13 11:53,215.1564
2024-09-13 11:52,215.1306
2024-09-13 11:51,215.1009
2024-09-13 11:50,215.0775
2024-09-13 11:49,215.0554
2024-09-13 11:48,215.0355
2024-09-13 11:47,215.0122
2024-09-13 11:46,214.9929
2024-09-13 11:45,214.9741
2024-09-13 11:44,214.9575
2024-09-13 11:43,214.9435
2024-09-13 11:42,214.9320
2024-09-13 11:41,214.9191
2024-09-13 11:40,214.9091
2024-09-13 11:39,214.8984
2024-09-13 11:38,214.8857
2024-09-13 11:37,214.8689
2024-09-13 11:36,214.8505
2024-09-13 11:35,214.8316
2024-09-13 11:34,214.8121
2024-09-13 11:33,214.7941
2024-09-13 11:32,214.7775
2024-09-13 11:31,214.7611
2024-09-13 11:30,214.7426
2024-09-13 11:29,214.7281
2024-09-13 11:28,214.7187
2024-09-13 11:27,214.7061
2024-09-13 11:26,214.6945
2024-09-13 11:25,214.6826
2024-09-13 11:24,214.6728
2024-09-13 11:23,214.6631
2024-09-13 11:22,214.6537
2024-09-13 11:21,214.6388
2024-09-13 11:20,214.6290
2024-09-13 11:19,214.6170
2024-09-13 11:18,214.6029
2024-09-13 11:17,214.5879
2024-09-13 11:16,214.5774
2024-09-13 11:15,214.5671
2024-09-13 11:14,214.5579
2024-09-13 11:13,214.5447
2024-09-13 11:12,214.5317
2024-09-13 11:11,214.5232
2024-09-13 11:10,214.5130
2024-09-13 11:09,214.4960
2024-09-13 11:08,214.4786
2024-09-13 11:07,214.4621
2024-09-13 11:06,214.4459
2024-09-13 11:05,214.4273
2024-09-13 11:04,214.4119
2024-09-13 11:03,214.4001
2024-09-13 11:02,214.3907
2024-09-13 11:01,214.3836
2024-09-13 11:00,214.3746
2024-09-13 10:59,214.3685
2024-09-13 10:58,214.3666
2024-09-13 10:57,214.3659
2024-09-13 10:56,214.3654
2024-09-13 10:55,214.3541
2024-09-13 10:54,214.3443
2024-09-13 10:53,214.3408
2024-09-13 10:52,214.3326
2024-09-13 10:51,214.3274
2024-09-13 10:50,214.3159
2024-09-13 10:49,214.2996
2024-09-13 10:48,214.2861
2024-09-13 10:47,214.2761
2024-09-13 10:46,214.2625
2024-09-13 10:45,214.2532
2024-09-13 10:44,214.2400
2024-09-13 10:43,214.2252
2024-09-13 10:42,214.2027
2024-09-13 10:41,214.1781
2024-09-13 10:40,214.1528
2024-09-13 10:39,214.1226
2024-09-13 10:38,214.0962
2024-09-13 10:37,214.0759
2024-09-13 10:36,214.0531
2024-09-13 10:35,214.0256
2024-09-13 10:34,214.0008
2024-09-13 10:33,213.9786
2024-09-13 10:32,213.9630
2024-09-13 10:31,213.9466
2024-09-13 10:30,213.9290
2024-09-13 10:29,213.9015
2024-09-13 10:28,213.8635
2024-09-13 10:27,213.8305
2024-09-13 10:26,213.7941
2024-09-13 10:25,213.7555
2024-09-13 10:24,213.7148
2024-09-13 10:23,213.6693
2024-09-13 10:22,213.6305
2024-09-13 10:21,213.5929
2024-09-13 10:20,213.5514
2024-09-13 10:19,213.5139
2024-09-13 10:18,213.4736
2024-09-13 10:17,213.4381
2024-09-13 10:16,213.4007
2024-09-13 10:15,213.3660
2024-09-13 10:14,213.3274
2024-09-13 10:13,213.2935
2024-09-13 10:12,213.2614
2024-09-13 10:11,213.2284
2024-09-13 10:10,213.1954
2024-09-13 10:09,213.1641
2024-09-13 10:08,213.1369
2024-09-13 10:07,213.1049
2024-09-13 10:06,213.0752
2024-09-13 10:05,213.0514
2024-09-13 10:04,213.0259
2024-09-13 10:03,213.0015
2024-09-13 10:02,212.9738
2024-09-13 10:01,212.9474
2024-09-13 10:00,212.9094
2024-09-13 09:59,212.8759
2024-09-13 09:58,212.8376
2024-09-13 09:57,212.8062
2024-09-13 09:56,212.7752
2024-09-13 09:55,212.7425
2024-09-13 09:54,212.7095
2024-09-13 09:53,212.6742
2024-09-13 09:52,212.6429
2024-09-13 09:51,212.6105
2024-09-13 09:50,212.5797
2024-09-13 09:49,212.5520
2024-09-13 09:48,212.5207
2024-09-13 09:47,212.4863
2024-09-13 09:46,212.4553
2024-09-13 09:45,212.4202
2024-09-13 09:44,212.3866
2024-09-13 09:43,212.3538
2024-09-13 09:42,212.3259
2024-09-13 09:41,212.3033
2024-09-13 09:40,212.2823
2024-09-13 09:39,212.2692
2024-09-13 09:38,212.2543
2024-09-13 09:37,212.2378
2024-09-13 09:36,212.2218
2024-09-13 09:35,212.2098
2024-09-13 09:34,212.1998
2024-09-13 09:33,212.1878
2024-09-13 09:32,212.1678
2024-09-13 09:31,212.1466
2024-09-13 09:30,212.1309
2024-09-13 09:29,212.1229
2024-09-13 09:28,212.1226
2024-09-13 09:26,212.1174
2024-09-13 09:25,212.1166
2024-09-13 09:24,212.1173
2024-09-13 09:22,212.1179
2024-09-13 09:18,212.1229
2024-09-13 09:15,212.1234
2024-09-13 09:12,212.1173
2024-09-13 09:11,212.1178
2024-09-13 09:09,212.1178
2024-09-13 09:08,212.1173
2024-09-13 09:07,212.1176
2024-09-13 09:06,212.1186
2024-09-13 09:02,212.1183
2024-09-13 09:00,212.1216
2024-09-13 08:57,212.1173
2024-09-13 08:54,212.1193
2024-09-13 08:53,212.1221
2024-09-13 08:50,212.1286
2024-09-13 08:49,212.1348
2024-09-13 08:44,212.1313
2024-09-13 08:42,212.1313
2024-09-13 08:41,212.1313
2024-09-13 08:40,212.1238
2024-09-13 08:38,212.1173
2024-09-13 08:37,212.1078
2024-09-13 08:34,212.1011
2024-09-13 08:33,212.0923
2024-09-13 08:32,212.0970
2024-09-13 08:31,212.0941
2024-09-13 08:28,212.0936
2024-09-13 08:27,212.0888
2024-09-13 08:26,212.0843
2024-09-13 08:21,212.0885
2024-09-13 08:14,212.0935
2024-09-13 08:13,212.0940
2024-09-13 08:12,212.0935
2024-09-13 08:09,212.0911
2024-09-13 08:08,212.0941
2024-09-13 08:07,212.0955
2024-09-13 08:04,212.1016
2024-09-13 08:03,212.0992
2024-09-13 08:02,212.1048
2024-09-13 08:01,212.1103
2024-09-13 08:00,212.1075
2024-09-13 07:58,212.1022
2024-09-13 07:54,212.1035
2024-09-13 07:52,212.1142
2024-09-13 07:51,212.1073
2024-09-13 07:49,212.1157
2024-09-13 07:48,212.1228
2024-09-13 07:40,212.1301
2024-09-13 07:38,212.1246
2024-09-13 07:33,212.1181
2024-09-13 07:30,212.1043
2024-09-13 07:28,212.0952
2024-09-13 07:20,212.0853
2024-09-13 07:19,212.0785
2024-09-13 07:12,212.0833
2024-09-13 07:11,212.0745
2024-09-13 07:09,212.0657
2024-09-13 07:08,212.0538
2024-09-13 07:05,212.0443
2024-09-13 07:03,212.0345
2024-09-13 07:02,212.0262
2024-09-13 07:00,212.0176
2024-09-13 06:54,212.0058
2024-09-13 06:37,212.0036
2024-09-13 06:36,211.9888
2024-09-13 06:23,211.9742
2024-09-13 06:18,211.9703
2024-09-13 06:17,211.9601
2024-09-13 06:11,211.9499
2024-09-13 06:04,211.9408
2024-09-13 06:02,211.9313
2024-09-13 06:00,211.9323
2024-09-13 05:49,211.9249
2024-09-13 05:43,211.9159
2024-09-13 05:34,211.9033
2024-09-13 05:27,211.8938
2024-09-13 05:24,211.8904
2024-09-13 05:21,211.8851
2024-09-13 05:18,211.8818
2024-09-13 05:13,211.8808
2024-09-13 05:08,211.8799
2024-09-13 05:07,211.8766
2024-09-13 04:59,211.8726
2024-09-13 04:57,211.8686
2024-09-13 04:55,211.8663
2024-09-13 04:53,211.8629
2024-09-13 04:51,211.8596
2024-09-13 04:44,211.8692
2024-09-13 04:39,211.8786
2024-09-13 04:36,211.8691
2024-09-13 04:28,211.8584
2024-09-13 04:22,211.8404
2024-09-13 04:17,211.8259
2024-09-13 04:10,211.8149
2024-09-13 04:09,211.8057
2024-09-13 04:04,211.7989
2024-09-13 04:03,211.7761
2024-09-13 04:02,211.7721
2024-09-13 04:01,211.7602
2024-09-13 04:00,211.7481
2024-09-12 19:57,211.7447
2024-09-12 19:55,211.7439
2024-09-12 19:53,211.7379
2024-09-12 19:48,211.7212
2024-09-12 19:45,211.7207
2024-09-12 19:41,211.7009
2024-09-12 19:33,211.6853
2024-09-12 19:31,211.6686
2024-09-12 19:21,211.6661
2024-09-12 19:16,211.6661
2024-09-12 19:13,211.6704
2024-09-12 19:12,211.6692
2024-09-12 19:09,211.6681
2024-09-12 19:07,211.6654
2024-09-12 19:03,211.6482
2024-09-12 19:01,211.6456
2024-09-12 19:00,211.6366
2024-09-12 18:54,211.6264
2024-09-12 18:52,211.6134
2024-09-12 18:50,211.6021
2024-09-12 18:46,211.5722
2024-09-12 18:40,211.5425
2024-09-12 18:39,211.5425
2024-09-12 18:38,211.5411
2024-09-12 18:36,211.5471
2024-09-12 18:34,211.5533
2024-09-12 18:30,211.5507
2024-09-12 18:27,211.5518
2024-09-12 18:24,211.5463
2024-09-12 18:21,211.5472
2024-09-12 18:20,211.5468
2024-09-12 18:19,211.5412
2024-09-12 18:15,211.5388
2024-09-12 18:08,211.5358
2024-09-12 18:07,211.5355
2024-09-12 18:04,211.5328
2024-09-12 18:01,211.5302
2024-09-12 17:57,211.5276
2024-09-12 17:55,211.5250
2024-09-12 17:50,211.5239
2024-09-12 17:46,211.5197
2024-09-12 17:44,211.5206
2024-09-12 17:43,211.5224
2024-09-12 17:42,211.5252
2024-09-12 17:41,211.5284
2024-09-12 17:37,211.5351
2024-09-12 17:33,211.5411
2024-09-12 17:30,211.5349
2024-09-12 17:28,211.5279
2024-09-12 17:27,211.5353
2024-09-12 17:25,211.5441
2024-09-12 17:17,211.5654
2024-09-12 17:16,211.5837
2024-09-12 17:10,211.5995
2024-09-12 17:09,211.6079
2024-09-12 17:08,211.6164
2024-09-12 17:07,211.6349
2024-09-12 17:05,211.6434
2024-09-12 17:04,211.6531
2024-09-12 17:01,211.6618
2024-09-12 16:59,211.6681
2024-09-12 16:58,211.6744
2024-09-12 16:56,211.6798
2024-09-12 16:51,211.6853
2024-09-12 16:46,211.6941
2024-09-12 16:43,211.7071
2024-09-12 16:40,211.7176
2024-09-12 16:39,211.7266
2024-09-12 16:36,211.7371
2024-09-12 16:35,211.7466
2024-09-12 16:33,211.7565
2024-09-12 16:32,211.7659
2024-09-12 16:31,211.7742
2024-09-12 16:27,211.7825
2024-09-12 16:25,211.7916
2024-09-12 16:22,211.7987
2024-09-12 16:21,211.8117
2024-09-12 16:20,211.8253
2024-09-12 16:18,211.8372
2024-09-12 16:17,211.8484
2024-09-12 16:16,211.8751
2024-09-12 16:15,211.9011
2024-09-12 16:14,211.9006
2024-09-12 16:13,211.8983
2024-09-12 16:12,211.8996
2024-09-12 16:10,211.9029
2024-09-12 16:08,211.9074
2024-09-12 16:07,211.9100
2024-09-12 16:05,211.9184
2024-09-12 16:04,211.9205
2024-09-12 16:03,211.9226
2024-09-12 16:02,211.9288
2024-09-12 16:01,211.9339
2024-09-12 16:00,211.9372
2024-09-12 15:59,211.9407
2024-09-12 15:58,211.9427
2024-09-12 15:57,211.9420
2024-09-12 15:56,211.9447
2024-09-12 15:55,211.9432
2024-09-12 15:54,211.9418
2024-09-12 15:53,211.9406
2024-09-12 15:52,211.9356
2024-09-12 15:51,211.9296
2024-09-12 15:50,211.9201
2024-09-12 15:49,211.9192
2024-09-12 15:48,211.9219
2024-09-12 15:47,211.9231
2024-09-12 15:46,211.9242
2024-09-12 15:45,211.9288
2024-09-12 15:44,211.9347
2024-09-12 15:43,211.9426
2024-09-12 15:42,211.9483
2024-09-12 15:41,211.9529
2024-09-12 15:40,211.9595
2024-09-12 15:39,211.9644
2024-09-12 15:38,211.9688
2024-09-12 15:37,211.9721
2024-09-12 15:36,211.9751
2024-09-12 15:35,211.9785
2024-09-12 15:34,211.9846
2024-09-12 15:33,211.9903
2024-09-12 15:32,211.9940
2024-09-12 15:31,211.9983
2024-09-12 15:30,212.0031
2024-09-12 15:29,212.0059
2024-09-12 15:28,212.0059
2024-09-12 15:27,212.0024
2024-09-12 15:26,211.9999
2024-09-12 15:25,211.9939
2024-09-12 15:24,211.9874
2024-09-12 15:23,211.9798
2024-09-12 15:22,211.9692
2024-09-12 15:21,211.9600
2024-09-12 15:20,211.9495
2024-09-12 15:19,211.9383
2024-09-12 15:18,211.9293
2024-09-12 15:17,211.9210
2024-09-12 15:16,211.9178
2024-09-12 15:15,211.9176
2024-09-12 15:14,211.9191
2024-09-12 15:13,211.9210
2024-09-12 15:12,211.9242
2024-09-12 15:11,211.9265
2024-09-12 15:10,211.9297
2024-09-12 15:09,211.9295
2024-09-12 15:08,211.9276
2024-09-12 15:07,211.9256
2024-09-12 15:06,211.9279
2024-09-12 15:05,211.9279
2024-09-12 15:04,211.9290
2024-09-12 15:03,211.9318
2024-09-12 15:02,211.9322
2024-09-12 15:01,211.9316
2024-09-12 15:00,211.9348
2024-09-12 14:59,211.9378
2024-09-12 14:58,211.9438
2024-09-12 14:57,211.9536
2024-09-12 14:56,211.9649
2024-09-12 14:55,211.9786
2024-09-12 14:54,211.9901
2024-09-12 14:53,212.0026
2024-09-12 14:52,212.0171
2024-09-12 14:51,212.0314
2024-09-12 14:50,212.0472
2024-09-12 14:49,212.0521
2024-09-12 14:48,212.0521
2024-09-12 14:47,212.0513
2024-09-12 14:46,212.0499
2024-09-12 14:45,212.0469
2024-09-12 14:44,212.0437
2024-09-12 14:43,212.0384
2024-09-12 14:42,212.0330
2024-09-12 14:41,212.0309
2024-09-12 14:40,212.0297
2024-09-12 14:39,212.0284
2024-09-12 14:38,212.0280
2024-09-12 14:37,212.0284
2024-09-12 14:36,212.0296
2024-09-12 14:35,212.0289
2024-09-12 14:34,212.0269
2024-09-12 14:33,212.0266
2024-09-12 14:32,212.0268
2024-09-12 14:31,212.0250
2024-09-12 14:30,212.0233
2024-09-12 14:29,212.0210
2024-09-12 14:28,212.0203
2024-09-12 14:27,212.0232
2024-09-12 14:26,212.0268
2024-09-12 14:25,212.0338
2024-09-12 14:24,212.0384
2024-09-12 14:23,212.0439
2024-09-12 14:22,212.0493
2024-09-12 14:21,212.0534
2024-09-12 14:20,212.0584
2024-09-12 14:19,212.0631
2024-09-12 14:18,212.0673
2024-09-12 14:17,212.0715
2024-09-12 14:16,212.0743
2024-09-12 14:15,212.0749
2024-09-12 14:14,212.0751
2024-09-12 14:13,212.0747
2024-09-12 14:12,212.0735
2024-09-12 14:11,212.0736
2024-09-12 14:10,212.0721
2024-09-12 14:09,212.0721
2024-09-12 14:08,212.0703
2024-09-12 14:07,212.0684
2024-09-12 14:06,212.0609
2024-09-12 14:05,212.0560
2024-09-12 14:04,212.0488
2024-09-12 14:03,212.0416
2024-09-12 14:02,212.0352
2024-09-12 14:01,212.0284
2024-09-12 14:00,212.0192
2024-09-12 13:59,212.0109
2024-09-12 13:58,212.0010
2024-09-12 13:57,211.9921
2024-09-12 13:56,211.9811
2024-09-12 13:55,211.9692
2024-09-12 13:54,211.9572
2024-09-12 13:53,211.9476
2024-09-12 13:52,211.9378
2024-09-12 13:51,211.9280
2024-09-12 13:50,211.9183
2024-09-12 13:49,211.9046
2024-09-12 13:48,211.8901
2024-09-12 13:47,211.8763
2024-09-12 13:46,211.8606
2024-09-12 13:45,211.8462
2024-09-12 13:44,211.8309
2024-09-12 13:43,211.8164
2024-09-12 13:42,211.8014
2024-09-12 13:41,211.7832
2024-09-12 13:40,211.7642
2024-09-12 13:39,211.7452
2024-09-12 13:38,211.7250
2024-09-12 13:37,211.7061
2024-09-12 13:36,211.6863
2024-09-12 13:35,211.6644
2024-09-12 13:34,211.6437
2024-09-12 13:33,211.6204
2024-09-12 13:32,211.5974
2024-09-12 13:31,211.5748
2024-09-12 13:30,211.5537
2024-09-12 13:29,211.5313
2024-09-12 13:28,211.5080
2024-09-12 13:27,211.4833
2024-09-12 13:26,211.4567
2024-09-12 13:25,211.4301
2024-09-12 13:24,211.4018
2024-09-12 13:23,211.3723
2024-09-12 13:22,211.3476
2024-09-12 13:21,211.3247
2024-09-12 13:20,211.3030
2024-09-12 13:19,211.2808
2024-09-12 13:18,211.2570
2024-09-12 13:17,211.2320
2024-09-12 13:16,211.2067
2024-09-12 13:15,211.1843
2024-09-12 13:14,211.1591
2024-09-12 13:13,211.1357
2024-09-12 13:12,211.1116
2024-09-12 13:11,211.0881
2024-09-12 13:10,211.0651
2024-09-12 13:09,211.0401
2024-09-12 13:08,211.0165
2024-09-12 13:07,210.9920
2024-09-12 13:06,210.9698
2024-09-12 13:05,210.9494
2024-09-12 13:04,210.9306
2024-09-12 13:03,210.9136
2024-09-12 13:02,210.8945
2024-09-12 13:01,210.8747
2024-09-12 13:00,210.8540
2024-09-12 12:59,210.8318
2024-09-12 12:58,210.8106
2024-09-12 12:57,210.7870
2024-09-12 12:56,210.7633
2024-09-12 12:55,210.7396
2024-09-12 12:54,210.7145
2024-09-12 12:53,210.6865
2024-09-12 12:52,210.6577
2024-09-12 12:51,210.6294
2024-09-12 12:50,210.6046
2024-09-12 12:49,210.5812
2024-09-12 12:48,210.5610
2024-09-12 12:47,210.5417
2024-09-12 12:46,210.5239
2024-09-12 12:45,210.5039
2024-09-12 12:44,210.4849
2024-09-12 12:43,210.4639
2024-09-12 12:42,210.4449
2024-09-12 12:41,210.4319
2024-09-12 12:40,210.4186
2024-09-12 12:39,210.4065
2024-09-12 12:38,210.3940
2024-09-12 12:37,210.3796
2024-09-12 12:36,210.3656
2024-09-12 12:35,210.3538
2024-09-12 12:34,210.3389
2024-09-12 12:33,210.3244
2024-09-12 12:32,210.3117
2024-09-12 12:31,210.2987
2024-09-12 12:30,210.2844
2024-09-12 12:29,210.2720
2024-09-12 12:28,210.2597
2024-09-12 12:27,210.2463
2024-09-12 12:26,210.2358
2024-09-12 12:25,210.2277
2024-09-12 12:24,210.2259
2024-09-12 12:23,210.2243
2024-09-12 12:22,210.2204
2024-09-12 12:21,210.2168
2024-09-12 12:20,210.2113
2024-09-12 12:19,210.2073
2024-09-12 12:18,210.2030
2024-09-12 12:17,210.1992
2024-09-12 12:16,210.1962
2024-09-12 12:15,210.1907
2024-09-12 12:14,210.1878
2024-09-12 12:13,210.1858
2024-09-12 12:12,210.1851
2024-09-12 12:11,210.1812
2024-09-12 12:10,210.1757
2024-09-12 12:09,210.1693
2024-09-12 12:08,210.1643
2024-09-12 12:07,210.1598
2024-09-12 12:06,210.1541
2024-09-12 12:05,210.1467
2024-09-12 12:04,210.1396
2024-09-12 12:03,210.1319
2024-09-12 12:02,210.1259
2024-09-12 12:01,210.1191
2024-09-12 12:00,210.1140
2024-09-12 11:59,210.1042
2024-09-12 11:58,210.0932
2024-09-12 11:57,210.0825
2024-09-12 11:56,210.0698
2024-09-12 11:55,210.0598
2024-09-12 11:54,210.0490
2024-09-12 11:53,210.0376
2024-09-12 11:52,210.0296
2024-09-12 11:51,210.0207
2024-09-12 11:50,210.0102
2024-09-12 11:49,210.0016
2024-09-12 11:48,209.9904
2024-09-12 11:47,209.9793
2024-09-12 11:46,209.9666
2024-09-12 11:45,209.9520
2024-09-12 11:44,209.9336
2024-09-12 11:43,209.9155
2024-09-12 11:42,209.8986
2024-09-12 11:41,209.8802
2024-09-12 11:40,209.8586
2024-09-12 11:39,209.8400
2024-09-12 11:38,209.8245
2024-09-12 11:37,209.8103
2024-09-12 11:36,209.7963
2024-09-12 11:35,209.7835
2024-09-12 11:34,209.7727
2024-09-12 11:33,209.7677
2024-09-12 11:32,209.7611
2024-09-12 11:31,209.7604
2024-09-12 11:30,209.7609
2024-09-12 11:29,209.7614
2024-09-12 11:28,209.7628
2024-09-12 11:27,209.7714
2024-09-12 11:26,209.7784
2024-09-12 11:25,209.7843
2024-09-12 11:24,209.7902
2024-09-12 11:23,209.7953
2024-09-12 11:22,209.8017
2024-09-12 11:21,209.8089
2024-09-12 11:20,209.8170
2024-09-12 11:19,209.8272
2024-09-12 11:18,209.8396
2024-09-12 11:17,209.8532
2024-09-12 11:16,209.8641
2024-09-12 11:15,209.8753
2024-09-12 11:14,209.8830
2024-09-12 11:13,209.8886
2024-09-12 11:12,209.8916
2024-09-12 11:11,209.8949
2024-09-12 11:10,209.9001
2024-09-12 11:09,209.9060
2024-09-12 11:08,209.9021
2024-09-12 11:07,209.8994
2024-09-12 11:06,209.8951
2024-09-12 11:05,209.8925
2024-09-12 11:04,209.8903
2024-09-12 11:03,209.8839
2024-09-12 11:02,209.8787
2024-09-12 11:01,209.8748
2024-09-12 11:00,209.8688
2024-09-12 10:59,209.8698
2024-09-12 10:58,209.8698
2024-09-12 10:57,209.8693
2024-09-12 10:56,209.8685
2024-09-12 10:55,209.8676
2024-09-12 10:54,209.8671
2024-09-12 10:53,209.8653
2024-09-12 10:52,209.8577
2024-09-12 10:51,209.8488
2024-09-12 10:50,209.8367
2024-09-12 10:49,209.8201
2024-09-12 10:48,209.8020
2024-09-12 10:47,209.7908
2024-09-12 10:46,209.7825
2024-09-12 10:45,209.7764
2024-09-12 10:44,209.7704
2024-09-12 10:43,209.7649
2024-09-12 10:42,209.7631
2024-09-12 10:41,209.7497
2024-09-12 10:40,209.7406
2024-09-12 10:39,209.7386
2024-09-12 10:38,209.7393
2024-09-12 10:37,209.7383
2024-09-12 10:36,209.7466
2024-09-12 10:35,209.7511
2024-09-12 10:34,209.7583
2024-09-12 10:33,209.7636
2024-09-12 10:32,209.7723
2024-09-12 10:31,209.7757
2024-09-12 10:30,209.7767
2024-09-12 10:29,209.7722
2024-09-12 10:28,209.7699
2024-09-12 10:27,209.7599
2024-09-12 10:26,209.7517
2024-09-12 10:25,209.7450
2024-09-12 10:24,209.7364
2024-09-12 10:23,209.7291
2024-09-12 10:22,209.7217
2024-09-12 10:21,209.7138
2024-09-12 10:20,209.7063
2024-09-12 10:19,209.6969
2024-09-12 10:18,209.6863
2024-09-12 10:17,209.6733
2024-09-12 10:16,209.6623
2024-09-12 10:15,209.6533
2024-09-12 10:14,209.6426
2024-09-12 10:13,209.6279
2024-09-12 10:12,209.6149
2024-09-12 10:11,209.5904
2024-09-12 10:10,209.5665
2024-09-12 10:09,209.5579
2024-09-12 10:08,209.5485
2024-09-12 10:07,209.5505
2024-09-12 10:06,209.5573
2024-09-12 10:05,209.5567
2024-09-12 10:04,209.5554
2024-09-12 10:03,209.5529
2024-09-12 10:02,209.5500
2024-09-12 10:01,209.5539
2024-09-12 10:00,209.5598
2024-09-12 09:59,209.5639
2024-09-12 09:58,209.5691
2024-09-12 09:57,209.5664
2024-09-12 09:56,209.5656
2024-09-12 09:55,209.5575
2024-09-12 09:54,209.5572
2024-09-12 09:53,209.5610
2024-09-12 09:52,209.5761
2024-09-12 09:51,209.5814
2024-09-12 09:50,209.5939
2024-09-12 09:49,209.6106
2024-09-12 09:48,209.6309
2024-09-12 09:47,209.6369
2024-09-12 09:46,209.6547
2024-09-12 09:45,209.6738
2024-09-12 09:44,209.6941
2024-09-12 09:43,209.7071
2024-09-12 09:42,209.7154
2024-09-12 09:41,209.7276
2024-09-12 09:40,209.7528
2024-09-12 09:39,209.7688
2024-09-12 09:38,209.7805
2024-09-12 09:37,209.7884
2024-09-12 09:36,209.7832
2024-09-12 09:35,209.7842
2024-09-12 09:34,209.7754
2024-09-12 09:33,209.7631
2024-09-12 09:32,209.7510
2024-09-12 09:31,209.7424
2024-09-12 09:30,209.7349
2024-09-12 09:29,209.7307
2024-09-12 09:28,209.7240
2024-09-12 09:27,209.7182
2024-09-12 09:25,209.7125
2024-09-12 09:24,209.7055
2024-09-12 09:23,209.6984
2024-09-12 09:21,209.6912
2024-09-12 09:17,209.6902
2024-09-12 09:16,209.6875
2024-09-12 09:15,209.6807
2024-09-12 09:14,209.6727
2024-09-12 09:13,209.6650
2024-09-12 09:11,209.6592
2024-09-12 09:10,209.6545
2024-09-12 09:09,209.6395
2024-09-12 09:08,209.6350
2024-09-12 09:04,209.6354
2024-09-12 09:03,209.6387
2024-09-12 09:01,209.6529
2024-09-12 09:00,209.6670
2024-09-12 08:59,209.6665
2024-09-12 08:58,209.6755
2024-09-12 08:57,209.6762
2024-09-12 08:51,209.6732
2024-09-12 08:50,209.6749
2024-09-12 08:49,209.6755
2024-09-12 08:47,209.6892
2024-09-12 08:46,209.7010
2024-09-12 08:45,209.7087
2024-09-12 08:44,209.7129
2024-09-12 08:43,209.7105
2024-09-12 08:40,209.7150
2024-09-12 08:39,209.7285
2024-09-12 08:38,209.7385
2024-09-12 08:35,209.7477
2024-09-12 08:34,209.7625
2024-09-12 08:33,209.7724
2024-09-12 08:30,209.7732
2024-09-12 08:29,209.7914
2024-09-12 08:25,209.8025
2024-09-12 08:20,209.8090
2024-09-12 08:19,209.8180
2024-09-12 08:17,209.8327
2024-09-12 08:15,209.8349
2024-09-12 08:14,209.8315
2024-09-12 08:11,209.8300
2024-09-12 08:08,209.8364
2024-09-12 08:07,209.8372
2024-09-12 08:05,209.8418
2024-09-12 08:04,209.8387
2024-09-12 08:03,209.8353
2024-09-12 08:02,209.8320
2024-09-12 08:01,209.8320
2024-09-12 08:00,209.8338
2024-09-12 07:54,209.8337
2024-09-12 07:51,209.8400
2024-09-12 07:50,209.8477
2024-09-12 07:48,209.8525
2024-09-12 07:47,209.8532
2024-09-12 07:43,209.8550
2024-09-12 07:33,209.8592
2024-09-12 07:31,209.8635
2024-09-12 07:26,209.8693
2024-09-12 07:22,209.8748
2024-09-12 07:18,209.8783
2024-09-12 07:06,209.8795
2024-09-12 07:05,209.8830
2024-09-12 07:01,209.8780
2024-09-12 07:00,209.8715
2024-09-12 06:55,209.8698
2024-09-12 06:45,209.8697
2024-09-12 06:37,209.8722
2024-09-12 06:18,209.8747
2024-09-12 06:10,209.8737
2024-09-12 05:57,209.8830
2024-09-12 05:53,209.8869
2024-09-12 05:52,209.8907
2024-09-12 05:51,209.8915
2024-09-12 05:38,209.8957
2024-09-12 05:34,209.9015
2024-09-12 05:33,209.9097
2024-09-12 05:32,209.9149
2024-09-12 05:30,209.9189
2024-09-12 05:20,209.9181
2024-09-12 05:14,209.9245
2024-09-12 05:08,209.9243
2024-09-12 05:06,209.9143
2024-09-12 05:01,209.9102
2024-09-12 04:58,209.8992
2024-09-12 04:51,209.8992
2024-09-12 04:49,209.8975
2024-09-12 04:45,209.8947
2024-09-12 04:44,209.8853
2024-09-12 04:41,209.8795
2024-09-12 04:37,209.8840
2024-09-12 04:34,209.8738
2024-09-12 04:32,209.8738
2024-09-12 04:29,209.8688
2024-09-12 04:28,209.8640
2024-09-12 04:27,209.8610
2024-09-12 04:26,209.8690
2024-09-12 04:19,209.8665
2024-09-12 04:12,209.8730
2024-09-12 04:11,209.8775
2024-09-12 04:10,209.8840
2024-09-12 04:08,209.8798
2024-09-12 04:07,209.8848
2024-09-12 04:04,209.8985
2024-09-12 04:02,209.9092
2024-09-12 04:01,209.9170
2024-09-12 04:00,209.9218
2024-09-11 19:59,209.9185
2024-09-11 19:57,209.9185
2024-09-11 19:55,209.9298
2024-09-11 19:52,209.9370
2024-09-11 19:50,209.9455
2024-09-11 19:47,209.9555
2024-09-11 19:44,209.9642
2024-09-11 19:42,209.9752
2024-09-11 19:37,209.9797
2024-09-11 19:35,209.9812
2024-09-11 19:32,209.9843
2024-09-11 19:31,209.9833
2024-09-11 19:30,209.9793
2024-09-11 19:28,209.9707
2024-09-11 19:27,209.9643
2024-09-11 19:26,209.9605
2024-09-11 19:23,209.9542
2024-09-11 19:20,209.9495
2024-09-11 19:19,209.8747
2024-09-11 19:08,209.8763
2024-09-11 19:00,209.8748
2024-09-11 18:55,209.8718
2024-09-11 18:54,209.8728
2024-09-11 18:53,209.8645
2024-09-11 18:52,209.8621
2024-09-11 18:51,209.8598
2024-09-11 18:44,209.8575
2024-09-11 18:37,209.8573
2024-09-11 18:30,209.8323
2024-09-11 18:28,209.8280
2024-09-11 18:26,209.8120
2024-09-11 18:22,209.7986
2024-09-11 18:19,209.7925
2024-09-11 18:17,209.7885
2024-09-11 18:15,209.7917
2024-09-11 18:09,209.7935
2024-09-11 17:58,209.7615
2024-09-11 17:54,209.7670
2024-09-11 17:53,209.7620
2024-09-11 17:52,209.7643
2024-09-11 17:51,209.7625
2024-09-11 17:48,209.7665
2024-09-11 17:43,209.7705
2024-09-11 17:41,209.7700
2024-09-11 17:40,209.7735
2024-09-11 17:34,209.7698
2024-09-11 17:33,209.7737
2024-09-11 17:32,209.7693
2024-09-11 17:31,209.7613
2024-09-11 17:30,209.7466
2024-09-11 17:29,209.7355
2024-09-11 17:21,209.7140
2024-09-11 17:19,209.6934
2024-09-11 17:17,209.6751
2024-09-11 17:16,209.6702
2024-09-11 17:15,209.6559
2024-09-11 17:11,209.6358
2024-09-11 17:10,209.6175
2024-09-11 17:04,209.5943
2024-09-11 17:03,209.5728
2024-09-11 17:02,209.5620
2024-09-11 17:00,209.5468
2024-09-11 16:54,209.5227
2024-09-11 16:53,209.5033
2024-09-11 16:52,209.4830
2024-09-11 16:51,209.4601
2024-09-11 16:50,209.4396
2024-09-11 16:49,209.4188
2024-09-11 16:46,209.4043
2024-09-11 16:45,209.3914
2024-09-11 16:43,209.3779
2024-09-11 16:41,209.3667
2024-09-11 16:40,209.3575
2024-09-11 16:38,209.3548
2024-09-11 16:37,209.3510
2024-09-11 16:34,209.3418
2024-09-11 16:33,209.3390
2024-09-11 16:32,209.3347
2024-09-11 16:31,209.4002
2024-09-11 16:30,209.3890
2024-09-11 16:29,209.3750
2024-09-11 16:28,209.3623
2024-09-11 16:24,209.3480
2024-09-11 16:21,209.3405
2024-09-11 16:20,209.3275
2024-09-11 16:19,209.3114
2024-09-11 16:18,209.2954
2024-09-11 16:17,209.2769
2024-09-11 16:15,209.2824
2024-09-11 16:14,209.2658
2024-09-11 16:13,209.2613
2024-09-11 16:12,209.2513
2024-09-11 16:11,209.2393
2024-09-11 16:10,209.2198
2024-09-11 16:09,209.2010
2024-09-11 16:08,209.1835
2024-09-11 16:07,209.1960
2024-09-11 16:06,209.1752
2024-09-11 16:05,209.1582
2024-09-11 16:04,209.1397
2024-09-11 16:03,209.1192
2024-09-11 16:02,209.0983
2024-09-11 16:01,209.0767
2024-09-11 16:00,209.0542
2024-09-11 15:59,209.0312
2024-09-11 15:58,209.0102
2024-09-11 15:57,208.9865
2024-09-11 15:56,208.9650
2024-09-11 15:55,208.9499
2024-09-11 15:54,208.9347
2024-09-11 15:53,208.9218
2024-09-11 15:52,208.9115
2024-09-11 15:51,208.9044
2024-09-11 15:50,208.8954
2024-09-11 15:49,208.8853
2024-09-11 15:48,208.8767
2024-09-11 15:47,208.8705
2024-09-11 15:46,208.8632
2024-09-11 15:45,208.8562
2024-09-11 15:44,208.8520
2024-09-11 15:43,208.8477
2024-09-11 15:42,208.8458
2024-09-11 15:41,208.8448
2024-09-11 15:40,208.8408
2024-09-11 15:39,208.8357
2024-09-11 15:38,208.8321
2024-09-11 15:37,208.8254
2024-09-11 15:36,208.8169
2024-09-11 15:35,208.8059
2024-09-11 15:34,208.7943
2024-09-11 15:33,208.7812
2024-09-11 15:32,208.7696
2024-09-11 15:31,208.7556
2024-09-11 15:30,208.7377
2024-09-11 15:29,208.7201
2024-09-11 15:28,208.7026
2024-09-11 15:27,208.6837
2024-09-11 15:26,208.6651
2024-09-11 15:25,208.6461
2024-09-11 15:24,208.6272
2024-09-11 15:23,208.6112
2024-09-11 15:22,208.5941
2024-09-11 15:21,208.5766
2024-09-11 15:20,208.5587
2024-09-11 15:19,208.5401
2024-09-11 15:18,208.5246
2024-09-11 15:17,208.5094
2024-09-11 15:16,208.4926
2024-09-11 15:15,208.4767
2024-09-11 15:14,208.4581
2024-09-11 15:13,208.4416
2024-09-11 15:12,208.4268
2024-09-11 15:11,208.4120
2024-09-11 15:10,208.3975
2024-09-11 15:09,208.3835
2024-09-11 15:08,208.3691
2024-09-11 15:07,208.3553
2024-09-11 15:06,208.3398
2024-09-11 15:05,208.3226
2024-09-11 15:04,208.3075
2024-09-11 15:03,208.2933
2024-09-11 15:02,208.2788
2024-09-11 15:01,208.2640
2024-09-11 15:00,208.2473
2024-09-11 14:59,208.2327
2024-09-11 14:58,208.2168
2024-09-11 14:57,208.2010
2024-09-11 14:56,208.1838
2024-09-11 14:55,208.1695
2024-09-11 14:54,208.1544
2024-09-11 14:53,208.1401
2024-09-11 14:52,208.1278
2024-09-11 14:51,208.1120
2024-09-11 14:50,208.0977
2024-09-11 14:49,208.0823
2024-09-11 14:48,208.0638
2024-09-11 14:47,208.0437
2024-09-11 14:46,208.0250
2024-09-11 14:45,208.0047
2024-09-11 14:44,207.9807
2024-09-11 14:43,207.9542
2024-09-11 14:42,207.9269
2024-09-11 14:41,207.8989
2024-09-11 14:40,207.8710
2024-09-11 14:39,207.8440
2024-09-11 14:38,207.8167
2024-09-11 14:37,207.7907
2024-09-11 14:36,207.7663
2024-09-11 14:35,207.7438
2024-09-11 14:34,207.7224
2024-09-11 14:33,207.7003
2024-09-11 14:32,207.6774
2024-09-11 14:31,207.6569
2024-09-11 14:30,207.6381
2024-09-11 14:29,207.6196
2024-09-11 14:28,207.6004
2024-09-11 14:27,207.5809
2024-09-11 14:26,207.5619
2024-09-11 14:25,207.5436
2024-09-11 14:24,207.5273
2024-09-11 14:23,207.5073
2024-09-11 14:22,207.4873
2024-09-11 14:21,207.4681
2024-09-11 14:20,207.4509
2024-09-11 14:19,207.4334
2024-09-11 14:18,207.4173
2024-09-11 14:17,207.4018
2024-09-11 14:16,207.3863
2024-09-11 14:15,207.3692
2024-09-11 14:14,207.3539
2024-09-11 14:13,207.3397
2024-09-11 14:12,207.3241
2024-09-11 14:11,207.3102
2024-09-11 14:10,207.2952
2024-09-11 14:09,207.2789
2024-09-11 14:08,207.2606
2024-09-11 14:07,207.2426
2024-09-11 14:06,207.2277
2024-09-11 14:05,207.2136
2024-09-11 14:04,207.1994
2024-09-11 14:03,207.1856
2024-09-11 14:02,207.1732
2024-09-11 14:01,207.1607
2024-09-11 14:00,207.1503
2024-09-11 13:59,207.1383
2024-09-11 13:58,207.1263
2024-09-11 13:57,207.1147
2024-09-11 13:56,207.1043
2024-09-11 13:55,207.0877
2024-09-11 13:54,207.0731
2024-09-11 13:53,207.0576
2024-09-11 13:52,207.0401
2024-09-11 13:51,207.0210
2024-09-11 13:50,207.0005
2024-09-11 13:49,206.9788
2024-09-11 13:48,206.9578
2024-09-11 13:47,206.9381
2024-09-11 13:46,206.9184
2024-09-11 13:45,206.9021
2024-09-11 13:44,206.8876
2024-09-11 13:43,206.8729
2024-09-11 13:42,206.8598
2024-09-11 13:41,206.8445
2024-09-11 13:40,206.8311
2024-09-11 13:39,206.8173
2024-09-11 13:38,206.8049
2024-09-11 13:37,206.7912
2024-09-11 13:36,206.7799
2024-09-11 13:35,206.7656
2024-09-11 13:34,206.7519
2024-09-11 13:33,206.7397
2024-09-11 13:32,206.7294
2024-09-11 13:31,206.7181
2024-09-11 13:30,206.7062
2024-09-11 13:29,206.6972
2024-09-11 13:28,206.6884
2024-09-11 13:27,206.6796
2024-09-11 13:26,206.6717
2024-09-11 13:25,206.6619
2024-09-11 13:24,206.6506
2024-09-11 13:23,206.6418
2024-09-11 13:22,206.6304
2024-09-11 13:21,206.6201
2024-09-11 13:20,206.6101
2024-09-11 13:19,206.5993
2024-09-11 13:18,206.5885
2024-09-11 13:17,206.5758
2024-09-11 13:16,206.5645
2024-09-11 13:15,206.5542
2024-09-11 13:14,206.5444
2024-09-11 13:13,206.5343
2024-09-11 13:12,206.5210
2024-09-11 13:11,206.5116
2024-09-11 13:10,206.5041
2024-09-11 13:09,206.4959
2024-09-11 13:08,206.4876
2024-09-11 13:07,206.4809
2024-09-11 13:06,206.4722
2024-09-11 13:05,206.4629
2024-09-11 13:04,206.4524
2024-09-11 13:03,206.4380
2024-09-11 13:02,206.4195
2024-09-11 13:01,206.3997
2024-09-11 13:00,206.3800
2024-09-11 12:59,206.3594
2024-09-11 12:58,206.3395
2024-09-11 12:57,206.3203
2024-09-11 12:56,206.2979
2024-09-11 12:55,206.2739
2024-09-11 12:54,206.2538
2024-09-11 12:53,206.2354
2024-09-11 12:52,206.2165
2024-09-11 12:51,206.1997
2024-09-11 12:50,206.1834
2024-09-11 12:49,206.1688
2024-09-11 12:48,206.1573
2024-09-11 12:47,206.1462
2024-09-11 12:46,206.1353
2024-09-11 12:45,206.1243
2024-09-11 12:44,206.1136
2024-09-11 12:43,206.1041
2024-09-11 12:42,206.0926
2024-09-11 12:41,206.0816
2024-09-11 12:40,206.0654
2024-09-11 12:39,206.0481
2024-09-11 12:38,206.0303
2024-09-11 12:37,206.0148
2024-09-11 12:36,205.9953
2024-09-11 12:35,205.9797
2024-09-11 12:34,205.9620
2024-09-11 12:33,205.9438
2024-09-11 12:32,205.9250
2024-09-11 12:31,205.9067
2024-09-11 12:30,205.8895
2024-09-11 12:29,205.8693
2024-09-11 12:28,205.8503
2024-09-11 12:27,205.8308
2024-09-11 12:26,205.8120
2024-09-11 12:25,205.7930
2024-09-11 12:24,205.7716
2024-09-11 12:23,205.7538
2024-09-11 12:22,205.7395
2024-09-11 12:21,205.7240
2024-09-11 12:20,205.7073
2024-09-11 12:19,205.6928
2024-09-11 12:18,205.6734
2024-09-11 12:17,205.6571
2024-09-11 12:16,205.6405
2024-09-11 12:15,205.6255
2024-09-11 12:14,205.6105
2024-09-11 12:13,205.5943
2024-09-11 12:12,205.5835
2024-09-11 12:11,205.5675
2024-09-11 12:10,205.5460
2024-09-11 12:09,205.5231
2024-09-11 12:08,205.5049
2024-09-11 12:07,205.4865
2024-09-11 12:06,205.4680
2024-09-11 12:05,205.4488
2024-09-11 12:04,205.4276
2024-09-11 12:03,205.4076
2024-09-11 12:02,205.3898
2024-09-11 12:01,205.3710
2024-09-11 12:00,205.3510
2024-09-11 11:59,205.3305
2024-09-11 11:58,205.3118
2024-09-11 11:57,205.2942
2024-09-11 11:56,205.2768
2024-09-11 11:55,205.2635
2024-09-11 11:54,205.2428
2024-09-11 11:53,205.2217
2024-09-11 11:52,205.1985
2024-09-11 11:51,205.1755
2024-09-11 11:50,205.1543
2024-09-11 11:49,205.1338
2024-09-11 11:48,205.1079
2024-09-11 11:47,205.0798
2024-09-11 11:46,205.0559
2024-09-11 11:45,205.0323
2024-09-11 11:44,205.0083
2024-09-11 11:43,204.9810
2024-09-11 11:42,204.9534
2024-09-11 11:41,204.9277
2024-09-11 11:40,204.9002
2024-09-11 11:39,204.8737
2024-09-11 11:38,204.8509
2024-09-11 11:37,204.8259
2024-09-11 11:36,204.8036
2024-09-11 11:35,204.7780
2024-09-11 11:34,204.7534
2024-09-11 11:33,204.7276
2024-09-11 11:32,204.7008
2024-09-11 11:31,204.6736
2024-09-11 11:30,204.6486
2024-09-11 11:29,204.6211
2024-09-11 11:28,204.5944
2024-09-11 11:27,204.5689
2024-09-11 11:26,204.5420
2024-09-11 11:25,204.5160
2024-09-11 11:24,204.4908
2024-09-11 11:23,204.4631
2024-09-11 11:22,204.4376
2024-09-11 11:21,204.4124
2024-09-11 11:20,204.3846
2024-09-11 11:19,204.3557
2024-09-11 11:18,204.3326
2024-09-11 11:17,204.3077
2024-09-11 11:16,204.2842
2024-09-11 11:15,204.2587
2024-09-11 11:14,204.2322
2024-09-11 11:13,204.2048
2024-09-11 11:12,204.1825
2024-09-11 11:11,204.1582
2024-09-11 11:10,204.1370
2024-09-11 11:09,204.1169
2024-09-11 11:08,204.0978
2024-09-11 11:07,204.0752
2024-09-11 11:06,204.0505
2024-09-11 11:05,204.0283
2024-09-11 11:04,204.0057
2024-09-11 11:03,203.9835
2024-09-11 11:02,203.9649
2024-09-11 11:01,203.9505
2024-09-11 11:00,203.9392
2024-09-11 10:59,203.9289
2024-09-11 10:58,203.9176
2024-09-11 10:57,203.9073
2024-09-11 10:56,203.8960
2024-09-11 10:55,203.8851
2024-09-11 10:54,203.8706
2024-09-11 10:53,203.8629
2024-09-11 10:52,203.8562
2024-09-11 10:51,203.8436
2024-09-11 10:50,203.8332
2024-09-11 10:49,203.8156
2024-09-11 10:48,203.8151
2024-09-11 10:47,203.8224
2024-09-11 10:46,203.8291
2024-09-11 10:45,203.8328
2024-09-11 10:44,203.8426
2024-09-11 10:43,203.8537
2024-09-11 10:42,203.8628
2024-09-11 10:41,203.8723
2024-09-11 10:40,203.8855
2024-09-11 10:39,203.8985
2024-09-11 10:38,203.9077
2024-09-11 10:37,203.9112
2024-09-11 10:36,203.9225
2024-09-11 10:35,203.9463
2024-09-11 10:34,203.9830
2024-09-11 10:33,204.0198
2024-09-11 10:32,204.0600
2024-09-11 10:31,204.0975
2024-09-11 10:30,204.1345
2024-09-11 10:29,204.1785
2024-09-11 10:28,204.2609
2024-09-11 10:27,204.3209
2024-09-11 10:26,204.3832
2024-09-11 10:25,204.4468
2024-09-11 10:24,204.5017
2024-09-11 10:23,204.5577
2024-09-11 10:22,204.6069
2024-09-11 10:21,204.6556
2024-09-11 10:20,204.7049
2024-09-11 10:19,204.7558
2024-09-11 10:18,204.8043
2024-09-11 10:17,204.8518
2024-09-11 10:16,204.9038
2024-09-11 10:15,204.9555
2024-09-11 10:14,205.0092
2024-09-11 10:13,205.0640
2024-09-11 10:12,205.1060
2024-09-11 10:11,205.1527
2024-09-11 10:10,205.1983
2024-09-11 10:09,205.2421
2024-09-11 10:08,205.2841
2024-09-11 10:07,205.3239
2024-09-11 10:06,205.3653
2024-09-11 10:05,205.4071
2024-09-11 10:04,205.4545
2024-09-11 10:03,205.5032
2024-09-11 10:02,205.5554
2024-09-11 10:01,205.6093
2024-09-11 10:00,205.6462
2024-09-11 09:59,205.6858
2024-09-11 09:58,205.7257
2024-09-11 09:57,205.7673
2024-09-11 09:56,205.8088
2024-09-11 09:55,205.8484
2024-09-11 09:54,205.8948
2024-09-11 09:53,205.9296
2024-09-11 09:52,205.9654
2024-09-11 09:51,206.0113
2024-09-11 09:50,206.0486
2024-09-11 09:49,206.0936
2024-09-11 09:48,206.1252
2024-09-11 09:47,206.1504
2024-09-11 09:46,206.1799
2024-09-11 09:45,206.2035
2024-09-11 09:44,206.2143
2024-09-11 09:43,206.2266
2024-09-11 09:42,206.2414
2024-09-11 09:41,206.2549
2024-09-11 09:40,206.2699
2024-09-11 09:39,206.2710
2024-09-11 09:38,206.2844
2024-09-11 09:37,206.3264
2024-09-11 09:36,206.3544
2024-09-11 09:35,206.3766
2024-09-11 09:34,206.3853
2024-09-11 09:33,206.3909
2024-09-11 09:32,206.3924
2024-09-11 09:31,206.3988
2024-09-11 09:30,206.4027
2024-09-11 09:29,206.4034
2024-09-11 09:28,206.3639
2024-09-11 09:27,206.3464
2024-09-11 09:26,206.3264
2024-09-11 09:25,206.3061
2024-09-11 09:23,206.2954
2024-09-11 09:22,206.2861
2024-09-11 09:21,206.2817
2024-09-11 09:20,206.2737
2024-09-11 09:19,206.2672
2024-09-11 09:16,206.2632
2024-09-11 09:15,206.2554
2024-09-11 09:14,206.2486
2024-09-11 09:12,206.2349
2024-09-11 09:11,206.2209
2024-09-11 09:10,206.2166
2024-09-11 09:09,206.2134
2024-09-11 09:08,206.2151
2024-09-11 09:07,206.1969
2024-09-11 09:06,206.1847
2024-09-11 09:05,206.1739
2024-09-11 09:04,206.1617
2024-09-11 09:03,206.1496
2024-09-11 09:01,206.1377
2024-09-11 09:00,206.1242
2024-09-11 08:59,206.1059
2024-09-11 08:58,206.0892
2024-09-11 08:57,206.0649
2024-09-11 08:56,206.0384
2024-09-11 08:54,206.0272
2024-09-11 08:52,206.0137
2024-09-11 08:51,205.9997
2024-09-11 08:49,205.9843
2024-09-11 08:48,205.9763
2024-09-11 08:47,205.9648
2024-09-11 08:45,205.9580
2024-09-11 08:44,205.9495
2024-09-11 08:43,205.9410
2024-09-11 08:42,205.9385
2024-09-11 08:41,205.9295
2024-09-11 08:40,205.9220
2024-09-11 08:39,205.9135
2024-09-11 08:38,205.9078
2024-09-11 08:37,205.8828
2024-09-11 08:36,205.8526
2024-09-11 08:35,205.8404
2024-09-11 08:34,205.8281
2024-09-11 08:33,205.8171
2024-09-11 08:32,205.8057
2024-09-11 08:31,205.7952
2024-09-11 08:30,205.7944
2024-09-11 08:29,205.7884
2024-09-11 08:28,205.7537
2024-09-11 08:27,205.7246
2024-09-11 08:25,205.6912
2024-09-11 08:22,205.6591
2024-09-11 08:21,205.6311
2024-09-11 08:20,205.6047
2024-09-11 08:18,205.5766
2024-09-11 08:15,205.5481
2024-09-11 08:14,205.5252
2024-09-11 08:11,205.4972
2024-09-11 08:10,205.4689
2024-09-11 08:09,205.4407
2024-09-11 08:06,205.4125
2024-09-11 08:05,205.3842
2024-09-11 08:04,205.3598
2024-09-11 08:03,205.3355
2024-09-11 08:02,205.3168
2024-09-11 08:01,205.3042
2024-09-11 08:00,205.2868
2024-09-11 07:58,205.2733
2024-09-11 07:57,205.2600
2024-09-11 07:56,205.2477
2024-09-11 07:54,205.2353
2024-09-11 07:53,205.2117
2024-09-11 07:52,205.1868
2024-09-11 07:50,205.1630
2024-09-11 07:43,205.1567
2024-09-11 07:42,205.1462
2024-09-11 07:34,205.1373
2024-09-11 07:33,205.1272
2024-09-11 07:32,205.1188
2024-09-11 07:28,205.1142
2024-09-11 07:27,205.1095
2024-09-11 07:25,205.1115
2024-09-11 07:10,205.1033
2024-09-11 07:06,205.0995
2024-09-11 07:05,205.0978
2024-09-11 07:01,205.0960
2024-09-11 07:00,205.0895
2024-09-11 06:59,205.0828
2024-09-11 06:58,205.0773
2024-09-11 06:54,205.0686
2024-09-11 06:45,205.0631
2024-09-11 06:23,205.0491
2024-09-11 06:20,205.0450
2024-09-11 06:12,205.0418
2024-09-11 06:11,205.0286
2024-09-11 06:09,205.0275
2024-09-11 06:08,205.0213
2024-09-11 06:02,205.0165
2024-09-11 06:01,205.0096
2024-09-11 06:00,205.0096
2024-09-11 05:59,205.0281
2024-09-11 05:51,205.0353
2024-09-11 05:49,205.0428
2024-09-11 05:25,205.0501
2024-09-11 05:24,205.0576
2024-09-11 05:16,205.0316
2024-09-11 05:15,205.0440
2024-09-11 05:10,205.0160
2024-09-11 05:03,205.0293
2024-09-11 05:02,205.0458
2024-09-11 04:47,205.0586
2024-09-11 04:42,205.0711
2024-09-11 04:41,205.0836
2024-09-11 04:32,205.0961
2024-09-11 04:31,205.1088
2024-09-11 04:30,205.1221
2024-09-11 04:26,205.1296
2024-09-11 04:16,205.1441
2024-09-11 04:15,205.1583
2024-09-11 04:13,205.1700
2024-09-11 04:10,205.1824
2024-09-11 04:03,205.1942
2024-09-11 04:02,205.2000
2024-09-11 04:01,205.2078
2024-09-11 04:00,205.2131
2024-09-10 19:26,205.2133
2024-09-10 19:25,205.2136
2024-09-10 19:19,205.2140
2024-09-10 19:18,205.2129
2024-09-10 19:16,205.2106
2024-09-10 19:15,205.2053
2024-09-10 19:01,205.2008
2024-09-10 19:00,205.1971
2024-09-10 18:58,205.1910
2024-09-10 18:57,205.1854
2024-09-10 18:53,205.1794
2024-09-10 18:47,205.1734
2024-09-10 18:43,205.1696
2024-09-10 18:38,205.1680
2024-09-10 18:30,205.1626
2024-09-10 18:28,205.1570
2024-09-10 18:27,205.1478
2024-09-10 17:54,205.1475
2024-09-10 17:47,205.1438
2024-09-10 17:35,205.1385
2024-09-10 17:31,205.1356
2024-09-10 17:29,205.1380
2024-09-10 17:24,205.1393
2024-09-10 17:14,205.1355
2024-09-10 17:13,205.1322
2024-09-10 17:12,205.1267
2024-09-10 17:08,205.1246
2024-09-10 16:55,205.1190
2024-09-10 16:54,205.1122
2024-09-10 16:38,205.1053
2024-09-10 16:37,205.0985
2024-09-10 16:36,205.0920
2024-09-10 16:35,205.0845
2024-09-10 16:34,205.0771
2024-09-10 16:30,205.0761
2024-09-10 16:21,205.0716
2024-09-10 16:18,205.0656
2024-09-10 16:17,205.0581
2024-09-10 16:15,205.0505
2024-09-10 16:10,205.0426
2024-09-10 16:09,205.0679
2024-09-10 16:08,205.0608
2024-09-10 16:07,205.0874
2024-09-10 16:06,205.0799
2024-09-10 16:05,205.0701
2024-09-10 16:04,205.0619
2024-09-10 16:02,205.0549
2024-09-10 16:01,205.0472
2024-09-10 16:00,205.0379
2024-09-10 15:59,205.0306
2024-09-10 15:58,205.0237
2024-09-10 15:57,205.0165
2024-09-10 15:56,205.0073
2024-09-10 15:55,204.9989
2024-09-10 15:54,204.9942
2024-09-10 15:53,204.9886
2024-09-10 15:52,204.9828
2024-09-10 15:51,204.9751
2024-09-10 15:50,204.9652
2024-09-10 15:49,204.9554
2024-09-10 15:48,204.9438
2024-09-10 15:47,204.9333
2024-09-10 15:46,204.9212
2024-09-10 15:45,204.9105
2024-09-10 15:44,204.8986
2024-09-10 15:43,204.8891
2024-09-10 15:42,204.8789
2024-09-10 15:41,204.8681
2024-09-10 15:40,204.8605
2024-09-10 15:39,204.8532
2024-09-10 15:38,204.8455
2024-09-10 15:37,204.8385
2024-09-10 15:36,204.8309
2024-09-10 15:35,204.8220
2024-09-10 15:34,204.8157
2024-09-10 15:33,204.8094
2024-09-10 15:32,204.8049
2024-09-10 15:31,204.7998
2024-09-10 15:30,204.7967
2024-09-10 15:29,204.7909
2024-09-10 15:28,204.7824
2024-09-10 15:27,204.7737
2024-09-10 15:26,204.7657
2024-09-10 15:25,204.7592
2024-09-10 15:24,204.7518
2024-09-10 15:23,204.7457
2024-09-10 15:22,204.7401
2024-09-10 15:21,204.7298
2024-09-10 15:20,204.7205
2024-09-10 15:19,204.7116
2024-09-10 15:18,204.7026
2024-09-10 15:17,204.6943
2024-09-10 15:16,204.6846
2024-09-10 15:15,204.6749
2024-09-10 15:14,204.6630
2024-09-10 15:13,204.6489
2024-09-10 15:12,204.6365
2024-09-10 15:11,204.6259
2024-09-10 15:10,204.6149
2024-09-10 15:09,204.6058
2024-09-10 15:08,204.5962
2024-09-10 15:07,204.5851
2024-09-10 15:06,204.5726
2024-09-10 15:05,204.5620
2024-09-10 15:04,204.5502
2024-09-10 15:03,204.5394
2024-09-10 15:02,204.5285
2024-09-10 15:01,204.5170
2024-09-10 15:00,204.5079
2024-09-10 14:59,204.4961
2024-09-10 14:58,204.4841
2024-09-10 14:57,204.4735
2024-09-10 14:56,204.4640
2024-09-10 14:55,204.4545
2024-09-10 14:54,204.4447
2024-09-10 14:53,204.4330
2024-09-10 14:52,204.4236
2024-09-10 14:51,204.4159
2024-09-10 14:50,204.4092
2024-09-10 14:49,204.4027
2024-09-10 14:48,204.3952
2024-09-10 14:47,204.3872
2024-09-10 14:46,204.3804
2024-09-10 14:45,204.3761
2024-09-10 14:44,204.3719
2024-09-10 14:43,204.3703
2024-09-10 14:42,204.3688
2024-09-10 14:41,204.3667
2024-09-10 14:40,204.3638
2024-09-10 14:39,204.3601
2024-09-10 14:38,204.3559
2024-09-10 14:37,204.3510
2024-09-10 14:36,204.3457
2024-09-10 14:35,204.3413
2024-09-10 14:34,204.3343
2024-09-10 14:33,204.3275
2024-09-10 14:32,204.3191
2024-09-10 14:31,204.3109
2024-09-10 14:30,204.3015
2024-09-10 14:29,204.2931
2024-09-10 14:28,204.2863
2024-09-10 14:27,204.2821
2024-09-10 14:26,204.2756
2024-09-10 14:25,204.2700
2024-09-10 14:24,204.2655
2024-09-10 14:23,204.2640
2024-09-10 14:22,204.2596
2024-09-10 14:21,204.2597
2024-09-10 14:20,204.2575
2024-09-10 14:19,204.2546
2024-09-10 14:18,204.2523
2024-09-10 14:17,204.2510
2024-09-10 14:16,204.2512
2024-09-10 14:15,204.2497
2024-09-10 14:14,204.2495
2024-09-10 14:13,204.2500
2024-09-10 14:12,204.2515
2024-09-10 14:11,204.2514
2024-09-10 14:10,204.2503
2024-09-10 14:09,204.2449
2024-09-10 14:08,204.2381
2024-09-10 14:07,204.2294
2024-09-10 14:06,204.2222
2024-09-10 14:05,204.2127
2024-09-10 14:04,204.2028
2024-09-10 14:03,204.1924
2024-09-10 14:02,204.1814
2024-09-10 14:01,204.1708
2024-09-10 14:00,204.1576
2024-09-10 13:59,204.1446
2024-09-10 13:58,204.1314
2024-09-10 13:57,204.1169
2024-09-10 13:56,204.1018
2024-09-10 13:55,204.0888
2024-09-10 13:54,204.0761
2024-09-10 13:53,204.0635
2024-09-10 13:52,204.0480
2024-09-10 13:51,204.0314
2024-09-10 13:50,204.0147
2024-09-10 13:49,203.9988
2024-09-10 13:48,203.9843
2024-09-10 13:47,203.9683
2024-09-10 13:46,203.9505
2024-09-10 13:45,203.9318
2024-09-10 13:44,203.9143
2024-09-10 13:43,203.8938
2024-09-10 13:42,203.8747
2024-09-10 13:41,203.8570
2024-09-10 13:40,203.8388
2024-09-10 13:39,203.8177
2024-09-10 13:38,203.7985
2024-09-10 13:37,203.7797
2024-09-10 13:36,203.7595
2024-09-10 13:35,203.7398
2024-09-10 13:34,203.7190
2024-09-10 13:33,203.6980
2024-09-10 13:32,203.6768
2024-09-10 13:31,203.6573
2024-09-10 13:30,203.6362
2024-09-10 13:29,203.6167
2024-09-10 13:28,203.5955
2024-09-10 13:27,203.5727
2024-09-10 13:26,203.5527
2024-09-10 13:25,203.5332
2024-09-10 13:24,203.5140
2024-09-10 13:23,203.4923
2024-09-10 13:22,203.4725
2024-09-10 13:21,203.4521
2024-09-10 13:20,203.4338
2024-09-10 13:19,203.4167
2024-09-10 13:18,203.3973
2024-09-10 13:17,203.3762
2024-09-10 13:16,203.3544
2024-09-10 13:15,203.3357
2024-09-10 13:14,203.3160
2024-09-10 13:13,203.2977
2024-09-10 13:12,203.2767
2024-09-10 13:11,203.2577
2024-09-10 13:10,203.2423
2024-09-10 13:09,203.2273
2024-09-10 13:07,203.2149
2024-09-10 13:06,203.2059
2024-09-10 13:05,203.1958
2024-09-10 13:04,203.1848
2024-09-10 13:03,203.1751
2024-09-10 13:02,203.1644
2024-09-10 13:01,203.1564
2024-09-10 13:00,203.1496
2024-09-10 12:59,203.1438
2024-09-10 12:58,203.1376
2024-09-10 12:57,203.1351
2024-09-10 12:56,203.1346
2024-09-10 12:55,203.1344
2024-09-10 12:54,203.1341
2024-09-10 12:53,203.1326
2024-09-10 12:52,203.1327
2024-09-10 12:51,203.1337
2024-09-10 12:50,203.1368
2024-09-10 12:49,203.1386
2024-09-10 12:48,203.1426
2024-09-10 12:47,203.1476
2024-09-10 12:46,203.1558
2024-09-10 12:45,203.1651
2024-09-10 12:44,203.1744
2024-09-10 12:43,203.1853
2024-09-10 12:42,203.1995
2024-09-10 12:41,203.2113
2024-09-10 12:40,203.2199
2024-09-10 12:39,203.2276
2024-09-10 12:38,203.2367
2024-09-10 12:37,203.2474
2024-09-10 12:36,203.2605
2024-09-10 12:35,203.2778
2024-09-10 12:34,203.2982
2024-09-10 12:33,203.3188
2024-09-10 12:32,203.3445
2024-09-10 12:31,203.3708
2024-09-10 12:30,203.3962
2024-09-10 12:29,203.4234
2024-09-10 12:28,203.4496
2024-09-10 12:27,203.4777
2024-09-10 12:26,203.5023
2024-09-10 12:25,203.5268
2024-09-10 12:24,203.5505
2024-09-10 12:23,203.5722
2024-09-10 12:22,203.5935
2024-09-10 12:21,203.6155
2024-09-10 12:20,203.6357
2024-09-10 12:19,203.6546
2024-09-10 12:18,203.6750
2024-09-10 12:17,203.6967
2024-09-10 12:16,203.7197
2024-09-10 12:15,203.7431
2024-09-10 12:14,203.7666
2024-09-10 12:13,203.7888
2024-09-10 12:12,203.8098
2024-09-10 12:11,203.8307
2024-09-10 12:10,203.8518
2024-09-10 12:09,203.8706
2024-09-10 12:08,203.8879
2024-09-10 12:07,203.9057
2024-09-10 12:06,203.9236
2024-09-10 12:05,203.9424
2024-09-10 12:04,203.9647
2024-09-10 12:03,203.9886
2024-09-10 12:02,204.0156
2024-09-10 12:01,204.0386
2024-09-10 12:00,204.0597
2024-09-10 11:59,204.0807
2024-09-10 11:58,204.1059
2024-09-10 11:57,204.1256
2024-09-10 11:56,204.1436
2024-09-10 11:55,204.1640
2024-09-10 11:54,204.1802
2024-09-10 11:53,204.1987
2024-09-10 11:52,204.2201
2024-09-10 11:51,204.2423
2024-09-10 11:50,204.2631
2024-09-10 11:49,204.2853
2024-09-10 11:48,204.3048
2024-09-10 11:47,204.3233
2024-09-10 11:46,204.3404
2024-09-10 11:45,204.3594
2024-09-10 11:44,204.3753
2024-09-10 11:43,204.3916
2024-09-10 11:42,204.4079
2024-09-10 11:41,204.4255
2024-09-10 11:40,204.4450
2024-09-10 11:39,204.4621
2024-09-10 11:38,204.4806
2024-09-10 11:37,204.4947
2024-09-10 11:36,204.5036
2024-09-10 11:35,204.5090
2024-09-10 11:34,204.5103
2024-09-10 11:33,204.5118
2024-09-10 11:32,204.5106
2024-09-10 11:31,204.5086
2024-09-10 11:30,204.5055
2024-09-10 11:29,204.5030
2024-09-10 11:28,204.5001
2024-09-10 11:27,204.4935
2024-09-10 11:26,204.4899
2024-09-10 11:25,204.4896
2024-09-10 11:24,204.4858
2024-09-10 11:23,204.4808
2024-09-10 11:22,204.4767
2024-09-10 11:21,204.4732
2024-09-10 11:20,204.4717
2024-09-10 11:19,204.4697
2024-09-10 11:18,204.4682
2024-09-10 11:17,204.4654
2024-09-10 11:16,204.4591
2024-09-10 11:15,204.4510
2024-09-10 11:14,204.4422
2024-09-10 11:13,204.4342
2024-09-10 11:12,204.4307
2024-09-10 11:11,204.4303
2024-09-10 11:10,204.4244
2024-09-10 11:09,204.4217
2024-09-10 11:08,204.4259
2024-09-10 11:07,204.4289
2024-09-10 11:06,204.4282
2024-09-10 11:05,204.4268
2024-09-10 11:04,204.4280
2024-09-10 11:03,204.4290
2024-09-10 11:02,204.4272
2024-09-10 11:01,204.4263
2024-09-10 11:00,204.4322
2024-09-10 10:59,204.4395
2024-09-10 10:58,204.4426
2024-09-10 10:57,204.4469
2024-09-10 10:56,204.4488
2024-09-10 10:55,204.4530
2024-09-10 10:54,204.4573
2024-09-10 10:53,204.4576
2024-09-10 10:52,204.4553
2024-09-10 10:51,204.4572
2024-09-10 10:50,204.4564
2024-09-10 10:49,204.4593
2024-09-10 10:48,204.4559
2024-09-10 10:47,204.4534
2024-09-10 10:46,204.4541
2024-09-10 10:45,204.4619
2024-09-10 10:44,204.4725
2024-09-10 10:43,204.4797
2024-09-10 10:42,204.4875
2024-09-10 10:41,204.5010
2024-09-10 10:40,204.5137
2024-09-10 10:39,204.5283
2024-09-10 10:38,204.5422
2024-09-10 10:37,204.5558
2024-09-10 10:36,204.5677
2024-09-10 10:35,204.5798
2024-09-10 10:34,204.5869
2024-09-10 10:33,204.5969
2024-09-10 10:32,204.6021
2024-09-10 10:31,204.6001
2024-09-10 10:30,204.5924
2024-09-10 10:29,204.5835
2024-09-10 10:28,204.5855
2024-09-10 10:27,204.5815
2024-09-10 10:26,204.5745
2024-09-10 10:25,204.5637
2024-09-10 10:24,204.5574
2024-09-10 10:23,204.5511
2024-09-10 10:22,204.5481
2024-09-10 10:21,204.5429
2024-09-10 10:20,204.5394
2024-09-10 10:19,204.5350
2024-09-10 10:18,204.5280
2024-09-10 10:17,204.5225
2024-09-10 10:16,204.5204
2024-09-10 10:15,204.5185
2024-09-10 10:14,204.5164
2024-09-10 10:13,204.5195
2024-09-10 10:12,204.5106
2024-09-10 10:11,204.5035
2024-09-10 10:10,204.5033
2024-09-10 10:09,204.4978
2024-09-10 10:08,204.4883
2024-09-10 10:07,204.4786
2024-09-10 10:06,204.4705
2024-09-10 10:05,204.4639
2024-09-10 10:04,204.4532
2024-09-10 10:03,204.4407
2024-09-10 10:02,204.4297
2024-09-10 10:01,204.4182
2024-09-10 10:00,204.4019
2024-09-10 09:59,204.3822
2024-09-10 09:58,204.3660
2024-09-10 09:57,204.3533
2024-09-10 09:56,204.3403
2024-09-10 09:55,204.3228
2024-09-10 09:54,204.3070
2024-09-10 09:53,204.2970
2024-09-10 09:52,204.2828
2024-09-10 09:51,204.2640
2024-09-10 09:50,204.2485
2024-09-10 09:49,204.2281
2024-09-10 09:48,204.2139
2024-09-10 09:47,204.2000
2024-09-10 09:46,204.1830
2024-09-10 09:45,204.1590
2024-09-10 09:44,204.1361
2024-09-10 09:43,204.1175
2024-09-10 09:42,204.0961
2024-09-10 09:41,204.0683
2024-09-10 09:40,204.0410
2024-09-10 09:39,204.0166
2024-09-10 09:38,203.9926
2024-09-10 09:37,203.9693
2024-09-10 09:36,203.9468
2024-09-10 09:35,203.9328
2024-09-10 09:34,203.9210
2024-09-10 09:33,203.9063
2024-09-10 09:32,203.8945
2024-09-10 09:31,203.8831
2024-09-10 09:30,203.8839
2024-09-10 09:29,203.8858
2024-09-10 09:28,203.8843
2024-09-10 09:27,203.8767
2024-09-10 09:24,203.8715
2024-09-10 09:23,203.8608
2024-09-10 09:22,203.8482
2024-09-10 09:21,203.8375
2024-09-10 09:20,203.8453
2024-09-10 09:19,203.8402
2024-09-10 09:16,203.8332
2024-09-10 09:15,203.8278
2024-09-10 09:14,203.8223
2024-09-10 09:13,203.8167
2024-09-10 09:12,203.8105
2024-09-10 09:11,203.8053
2024-09-10 09:10,203.8000
2024-09-10 09:08,203.7888
2024-09-10 09:07,203.7833
2024-09-10 09:06,203.7762
2024-09-10 09:04,203.7652
2024-09-10 09:03,203.7595
2024-09-10 09:02,203.7422
2024-09-10 09:01,203.7377
2024-09-10 08:59,203.7342
2024-09-10 08:58,203.7298
2024-09-10 08:57,203.7253
2024-09-10 08:56,203.7208
2024-09-10 08:55,203.7163
2024-09-10 08:54,203.7110
2024-09-10 08:53,203.7073
2024-09-10 08:51,203.7045
2024-09-10 08:50,203.6990
2024-09-10 08:49,203.6902
2024-09-10 08:48,203.6862
2024-09-10 08:47,203.6822
2024-09-10 08:46,203.6780
2024-09-10 08:43,203.6642
2024-09-10 08:42,203.6530
2024-09-10 08:41,203.6553
2024-09-10 08:40,203.6573
2024-09-10 08:39,203.6542
2024-09-10 08:38,203.6478
2024-09-10 08:37,203.6405
2024-09-10 08:35,203.6337
2024-09-10 08:34,203.6195
2024-09-10 08:33,203.6040
2024-09-10 08:32,203.5953
2024-09-10 08:31,203.5865
2024-09-10 08:30,203.5680
2024-09-10 08:29,203.5503
2024-09-10 08:28,203.5313
2024-09-10 08:24,203.5223
2024-09-10 08:23,203.5157
2024-09-10 08:20,203.5123
2024-09-10 08:15,203.5003
2024-09-10 08:14,203.4913
2024-09-10 08:13,203.4847
2024-09-10 08:11,203.4780
2024-09-10 08:10,203.4615
2024-09-10 08:06,203.4558
2024-09-10 08:03,203.4492
2024-09-10 08:02,203.4350
2024-09-10 08:00,203.4353
2024-09-10 07:57,203.4365
2024-09-10 07:34,203.4429
2024-09-10 07:33,203.4493
2024-09-10 07:27,203.4558
2024-09-10 07:11,203.4413
2024-09-10 07:10,203.4418
2024-09-10 07:08,203.4334
2024-09-10 07:04,203.4341
2024-09-10 07:00,203.4348
2024-09-10 06:49,203.4359
2024-09-10 06:44,203.4376
2024-09-10 06:42,203.4391
2024-09-10 06:36,203.4406
2024-09-10 06:28,203.4438
2024-09-10 06:27,203.4479
2024-09-10 05:58,203.4509
2024-09-10 05:55,203.4551
2024-09-10 05:46,203.4566
2024-09-10 05:45,203.4703
2024-09-10 05:24,203.4714
2024-09-10 05:21,203.4728
2024-09-10 05:20,203.4743
2024-09-10 05:18,203.4756
2024-09-10 05:17,203.4773
2024-09-10 05:02,203.4744
2024-09-10 04:43,203.4769
2024-09-10 04:42,203.4778
2024-09-10 04:39,203.4803
2024-09-10 04:36,203.4834
2024-09-10 04:30,203.4868
2024-09-10 04:23,203.4876
2024-09-10 04:22,203.4886
2024-09-10 04:05,203.4898
2024-09-10 04:04,203.4968
2024-09-10 04:03,203.5043
2024-09-10 04:02,203.4994
2024-09-10 04:01,203.4974
2024-09-09 19:58,203.5011
2024-09-09 19:57,203.5114
2024-09-09 19:50,203.4996
2024-09-09 19:39,203.5058
2024-09-09 19:35,203.5146
2024-09-09 19:28,203.5259
2024-09-09 19:22,203.5288
2024-09-09 19:17,203.5314
2024-09-09 19:16,203.5403
2024-09-09 19:15,203.5491
2024-09-09 19:14,203.5578
2024-09-09 19:13,203.5558
2024-09-09 19:07,203.5583
2024-09-09 19:04,203.5556
2024-09-09 19:00,203.5389
2024-09-09 18:53,203.5376
2024-09-09 18:46,203.5359
2024-09-09 18:45,203.5341
2024-09-09 18:44,203.5488
2024-09-09 18:40,203.5476
2024-09-09 18:38,203.5458
2024-09-09 18:37,203.5454
2024-09-09 18:35,203.5288
2024-09-09 18:33,203.5216
2024-09-09 18:30,203.5209
2024-09-09 18:27,203.5209
2024-09-09 18:25,203.5207
2024-09-09 18:17,203.5199
2024-09-09 18:09,203.5184
2024-09-09 18:04,203.5224
2024-09-09 18:03,203.5167
2024-09-09 18:01,203.5119
2024-09-09 18:00,203.5073
2024-09-09 17:53,203.4970
2024-09-09 17:52,203.4888
2024-09-09 17:50,203.4780
2024-09-09 17:49,203.4696
2024-09-09 17:48,203.4626
2024-09-09 17:46,203.4555
2024-09-09 17:44,203.4498
2024-09-09 17:35,203.4418
2024-09-09 17:32,203.4335
2024-09-09 17:25,203.4284
2024-09-09 17:24,203.4237
2024-09-09 17:23,203.4207
2024-09-09 17:22,203.4166
2024-09-09 17:12,203.4116
2024-09-09 17:09,203.4101
2024-09-09 17:06,203.4037
2024-09-09 17:04,203.3977
2024-09-09 17:02,203.3931
2024-09-09 16:59,203.3864
2024-09-09 16:58,203.3792
2024-09-09 16:57,203.3729
2024-09-09 16:56,203.3687
2024-09-09 16:55,203.3627
2024-09-09 16:54,203.3544
2024-09-09 16:52,203.3476
2024-09-09 16:49,203.3376
2024-09-09 16:47,203.3244
2024-09-09 16:46,203.3107
2024-09-09 16:40,203.2909
2024-09-09 16:39,203.2944
2024-09-09 16:38,203.2780
2024-09-09 16:36,203.2672
2024-09-09 16:35,203.2534
2024-09-09 16:34,203.2409
2024-09-09 16:32,203.2273
2024-09-09 16:29,203.2176
2024-09-09 16:26,203.2098
2024-09-09 16:23,203.2019
2024-09-09 16:20,203.1955
2024-09-09 16:19,203.1824
2024-09-09 16:18,203.1747
2024-09-09 16:16,203.1818
2024-09-09 16:15,203.1744
2024-09-09 16:13,203.1653
2024-09-09 16:11,203.1570
2024-09-09 16:10,203.1482
2024-09-09 16:08,203.1382
2024-09-09 16:07,203.1299
2024-09-09 16:04,203.1199
2024-09-09 16:03,203.1282
2024-09-09 16:02,203.1301
2024-09-09 16:01,203.1274
2024-09-09 16:00,203.1258
2024-09-09 15:59,203.1225
2024-09-09 15:58,203.1222
2024-09-09 15:57,203.1233
2024-09-09 15:56,203.1253
2024-09-09 15:55,203.1295
2024-09-09 15:54,203.1330
2024-09-09 15:53,203.1365
2024-09-09 15:52,203.1466
2024-09-09 15:51,203.1552
2024-09-09 15:50,203.1670
2024-09-09 15:49,203.1774
2024-09-09 15:48,203.1871
2024-09-09 15:47,203.1966
2024-09-09 15:46,203.2065
2024-09-09 15:45,203.2170
2024-09-09 15:44,203.2263
2024-09-09 15:43,203.2331
2024-09-09 15:42,203.2371
2024-09-09 15:41,203.2361
2024-09-09 15:40,203.2351
2024-09-09 15:39,203.2338
2024-09-09 15:38,203.2325
2024-09-09 15:37,203.2331
2024-09-09 15:36,203.2331
2024-09-09 15:35,203.2307
2024-09-09 15:34,203.2300
2024-09-09 15:33,203.2305
2024-09-09 15:32,203.2305
2024-09-09 15:31,203.2285
2024-09-09 15:30,203.2285
2024-09-09 15:29,203.2301
2024-09-09 15:28,203.2313
2024-09-09 15:27,203.2346
2024-09-09 15:26,203.2385
2024-09-09 15:25,203.2419
2024-09-09 15:24,203.2461
2024-09-09 15:23,203.2502
2024-09-09 15:22,203.2566
2024-09-09 15:21,203.2601
2024-09-09 15:20,203.2617
2024-09-09 15:19,203.2626
2024-09-09 15:18,203.2652
2024-09-09 15:17,203.2660
2024-09-09 15:16,203.2660
2024-09-09 15:15,203.2680
2024-09-09 15:14,203.2722
2024-09-09 15:13,203.2792
2024-09-09 15:12,203.2867
2024-09-09 15:11,203.2951
2024-09-09 15:10,203.3025
2024-09-09 15:09,203.3096
2024-09-09 15:08,203.3169
2024-09-09 15:07,203.3260
2024-09-09 15:06,203.3370
2024-09-09 15:05,203.3457
2024-09-09 15:04,203.3555
2024-09-09 15:03,203.3639
2024-09-09 15:02,203.3683
2024-09-09 15:01,203.3729
2024-09-09 15:00,203.3769
2024-09-09 14:59,203.3827
2024-09-09 14:58,203.3850
2024-09-09 14:57,203.3879
2024-09-09 14:56,203.3940
2024-09-09 14:55,203.3994
2024-09-09 14:54,203.4056
2024-09-09 14:53,203.4121
2024-09-09 14:52,203.4182
2024-09-09 14:51,203.4259
2024-09-09 14:50,203.4327
2024-09-09 14:49,203.4396
2024-09-09 14:48,203.4477
2024-09-09 14:47,203.4565
2024-09-09 14:46,203.4637
2024-09-09 14:45,203.4720
2024-09-09 14:44,203.4798
2024-09-09 14:43,203.4863
2024-09-09 14:42,203.4960
2024-09-09 14:41,203.5096
2024-09-09 14:40,203.5283
2024-09-09 14:39,203.5495
2024-09-09 14:38,203.5707
2024-09-09 14:37,203.5905
2024-09-09 14:36,203.6100
2024-09-09 14:35,203.6297
2024-09-09 14:34,203.6484
2024-09-09 14:33,203.6677
2024-09-09 14:32,203.6860
2024-09-09 14:31,203.7044
2024-09-09 14:30,203.7232
2024-09-09 14:29,203.7446
2024-09-09 14:28,203.7656
2024-09-09 14:27,203.7882
2024-09-09 14:26,203.8100
2024-09-09 14:25,203.8333
2024-09-09 14:24,203.8579
2024-09-09 14:23,203.8827
2024-09-09 14:22,203.9059
2024-09-09 14:21,203.9291
2024-09-09 14:20,203.9520
2024-09-09 14:19,203.9760
2024-09-09 14:18,204.0003
2024-09-09 14:17,204.0278
2024-09-09 14:16,204.0530
2024-09-09 14:15,204.0771
2024-09-09 14:14,204.0976
2024-09-09 14:13,204.1184
2024-09-09 14:12,204.1389
2024-09-09 14:11,204.1578
2024-09-09 14:10,204.1777
2024-09-09 14:09,204.2032
2024-09-09 14:08,204.2268
2024-09-09 14:07,204.2507
2024-09-09 14:06,204.2745
2024-09-09 14:05,204.2969
2024-09-09 14:04,204.3203
2024-09-09 14:03,204.3448
2024-09-09 14:02,204.3683
2024-09-09 14:01,204.3893
2024-09-09 14:00,204.4096
2024-09-09 13:59,204.4293
2024-09-09 13:58,204.4481
2024-09-09 13:57,204.4668
2024-09-09 13:56,204.4827
2024-09-09 13:55,204.4972
2024-09-09 13:54,204.5092
2024-09-09 13:53,204.5205
2024-09-09 13:52,204.5320
2024-09-09 13:51,204.5398
2024-09-09 13:50,204.5486
2024-09-09 13:49,204.5575
2024-09-09 13:48,204.5636
2024-09-09 13:47,204.5698
2024-09-09 13:46,204.5761
2024-09-09 13:45,204.5836
2024-09-09 13:44,204.5922
2024-09-09 13:43,204.6009
2024-09-09 13:42,204.6092
2024-09-09 13:41,204.6164
2024-09-09 13:40,204.6198
2024-09-09 13:39,204.6217
2024-09-09 13:38,204.6248
2024-09-09 13:37,204.6279
2024-09-09 13:36,204.6321
2024-09-09 13:35,204.6372
2024-09-09 13:34,204.6440
2024-09-09 13:33,204.6488
2024-09-09 13:32,204.6557
2024-09-09 13:31,204.6618
2024-09-09 13:30,204.6677
2024-09-09 13:29,204.6718
2024-09-09 13:28,204.6759
2024-09-09 13:27,204.6785
2024-09-09 13:26,204.6802
2024-09-09 13:25,204.6812
2024-09-09 13:24,204.6812
2024-09-09 13:23,204.6807
2024-09-09 13:22,204.6804
2024-09-09 13:21,204.6813
2024-09-09 13:20,204.6842
2024-09-09 13:19,204.6851
2024-09-09 13:18,204.6871
2024-09-09 13:17,204.6873
2024-09-09 13:16,204.6892
2024-09-09 13:15,204.6901
2024-09-09 13:14,204.6933
2024-09-09 13:13,204.6950
2024-09-09 13:12,204.6956
2024-09-09 13:11,204.6959
2024-09-09 13:10,204.6947
2024-09-09 13:09,204.6879
2024-09-09 13:08,204.6815
2024-09-09 13:07,204.6730
2024-09-09 13:06,204.6633
2024-09-09 13:05,204.6581
2024-09-09 13:04,204.6504
2024-09-09 13:03,204.6395
2024-09-09 13:02,204.6284
2024-09-09 13:01,204.6169
2024-09-09 13:00,204.6041
2024-09-09 12:59,204.5923
2024-09-09 12:58,204.5831
2024-09-09 12:57,204.5715
2024-09-09 12:56,204.5622
2024-09-09 12:55,204.5522
2024-09-09 12:54,204.5434
2024-09-09 12:53,204.5354
2024-09-09 12:52,204.5267
2024-09-09 12:51,204.5194
2024-09-09 12:50,204.5112
2024-09-09 12:49,204.5034
2024-09-09 12:48,204.4974
2024-09-09 12:47,204.4904
2024-09-09 12:46,204.4820
2024-09-09 12:45,204.4732
2024-09-09 12:44,204.4637
2024-09-09 12:43,204.4547
2024-09-09 12:42,204.4424
2024-09-09 12:41,204.4289
2024-09-09 12:40,204.4151
2024-09-09 12:39,204.4010
2024-09-09 12:38,204.3868
2024-09-09 12:37,204.3725
2024-09-09 12:36,204.3573
2024-09-09 12:35,204.3409
2024-09-09 12:34,204.3238
2024-09-09 12:33,204.3075
2024-09-09 12:32,204.2907
2024-09-09 12:31,204.2728
2024-09-09 12:30,204.2541
2024-09-09 12:29,204.2329
2024-09-09 12:28,204.2078
2024-09-09 12:27,204.1828
2024-09-09 12:26,204.1560
2024-09-09 12:25,204.1277
2024-09-09 12:24,204.0997
2024-09-09 12:23,204.0720
2024-09-09 12:22,204.0427
2024-09-09 12:21,204.0111
2024-09-09 12:20,203.9782
2024-09-09 12:19,203.9444
2024-09-09 12:18,203.9112
2024-09-09 12:17,203.8806
2024-09-09 12:16,203.8545
2024-09-09 12:15,203.8285
2024-09-09 12:14,203.8008
2024-09-09 12:13,203.7760
2024-09-09 12:12,203.7519
2024-09-09 12:11,203.7287
2024-09-09 12:10,203.7082
2024-09-09 12:09,203.6876
2024-09-09 12:08,203.6676
2024-09-09 12:07,203.6480
2024-09-09 12:06,203.6277
2024-09-09 12:05,203.6038
2024-09-09 12:04,203.5819
2024-09-09 12:03,203.5590
2024-09-09 12:02,203.5408
2024-09-09 12:01,203.5226
2024-09-09 12:00,203.5040
2024-09-09 11:59,203.4836
2024-09-09 11:58,203.4600
2024-09-09 11:57,203.4391
2024-09-09 11:56,203.4200
2024-09-09 11:55,203.4032
2024-09-09 11:54,203.3839
2024-09-09 11:53,203.3627
2024-09-09 11:52,203.3412
2024-09-09 11:51,203.3202
2024-09-09 11:50,203.2982
2024-09-09 11:49,203.2734
2024-09-09 11:48,203.2510
2024-09-09 11:47,203.2268
2024-09-09 11:46,203.2033
2024-09-09 11:45,203.1782
2024-09-09 11:44,203.1568
2024-09-09 11:43,203.1335
2024-09-09 11:42,203.1151
2024-09-09 11:41,203.0980
2024-09-09 11:40,203.0820
2024-09-09 11:39,203.0663
2024-09-09 11:38,203.0524
2024-09-09 11:37,203.0384
2024-09-09 11:36,203.0247
2024-09-09 11:35,203.0126
2024-09-09 11:34,202.9964
2024-09-09 11:33,202.9798
2024-09-09 11:32,202.9613
2024-09-09 11:31,202.9457
2024-09-09 11:30,202.9290
2024-09-09 11:29,202.9140
2024-09-09 11:28,202.9023
2024-09-09 11:27,202.8921
2024-09-09 11:26,202.8834
2024-09-09 11:25,202.8767
2024-09-09 11:24,202.8714
2024-09-09 11:23,202.8652
2024-09-09 11:22,202.8616
2024-09-09 11:21,202.8601
2024-09-09 11:20,202.8597
2024-09-09 11:19,202.8611
2024-09-09 11:18,202.8580
2024-09-09 11:17,202.8560
2024-09-09 11:16,202.8510
2024-09-09 11:15,202.8459
2024-09-09 11:14,202.8415
2024-09-09 11:13,202.8330
2024-09-09 11:12,202.8255
2024-09-09 11:11,202.8168
2024-09-09 11:10,202.8090
2024-09-09 11:09,202.8035
2024-09-09 11:08,202.7945
2024-09-09 11:07,202.7849
2024-09-09 11:06,202.7752
2024-09-09 11:05,202.7676
2024-09-09 11:04,202.7586
2024-09-09 11:03,202.7496
2024-09-09 11:02,202.7331
2024-09-09 11:01,202.7194
2024-09-09 11:00,202.7084
2024-09-09 10:59,202.6988
2024-09-09 10:58,202.6907
2024-09-09 10:57,202.6788
2024-09-09 10:56,202.6681
2024-09-09 10:55,202.6579
2024-09-09 10:54,202.6548
2024-09-09 10:53,202.6520
2024-09-09 10:52,202.6478
2024-09-09 10:51,202.6413
2024-09-09 10:50,202.6348
2024-09-09 10:49,202.6343
2024-09-09 10:48,202.6304
2024-09-09 10:47,202.6276
2024-09-09 10:46,202.6216
2024-09-09 10:45,202.6152
2024-09-09 10:44,202.6098
2024-09-09 10:43,202.6144
2024-09-09 10:42,202.6144
2024-09-09 10:41,202.6127
2024-09-09 10:40,202.6138
2024-09-09 10:39,202.6199
2024-09-09 10:38,202.6241
2024-09-09 10:37,202.6318
2024-09-09 10:36,202.6369
2024-09-09 10:35,202.6481
2024-09-09 10:34,202.6566
2024-09-09 10:33,202.6629
2024-09-09 10:32,202.6634
2024-09-09 10:31,202.6687
2024-09-09 10:30,202.6750
2024-09-09 10:29,202.6788
2024-09-09 10:28,202.6580
2024-09-09 10:27,202.6358
2024-09-09 10:26,202.6279
2024-09-09 10:25,202.6029
2024-09-09 10:24,202.5840
2024-09-09 10:23,202.5672
2024-09-09 10:22,202.5497
2024-09-09 10:21,202.5405
2024-09-09 10:20,202.5241
2024-09-09 10:19,202.5054
2024-09-09 10:18,202.4858
2024-09-09 10:17,202.4623
2024-09-09 10:16,202.4401
2024-09-09 10:15,202.4178
2024-09-09 10:14,202.3954
2024-09-09 10:13,202.3673
2024-09-09 10:12,202.3443
2024-09-09 10:11,202.3228
2024-09-09 10:10,202.2951
2024-09-09 10:09,202.2691
2024-09-09 10:08,202.2453
2024-09-09 10:07,202.2238
2024-09-09 10:06,202.2038
2024-09-09 10:05,202.1863
2024-09-09 10:04,202.1700
2024-09-09 10:03,202.1566
2024-09-09 10:02,202.1448
2024-09-09 10:01,202.1313
2024-09-09 10:00,202.1198
2024-09-09 09:59,202.1069
2024-09-09 09:58,202.0931
2024-09-09 09:57,202.0762
2024-09-09 09:56,202.0557
2024-09-09 09:55,202.0441
2024-09-09 09:54,202.0288
2024-09-09 09:53,202.0090
2024-09-09 09:52,201.9835
2024-09-09 09:51,201.9550
2024-09-09 09:50,201.9386
2024-09-09 09:49,201.9115
2024-09-09 09:48,201.8843
2024-09-09 09:47,201.8603
2024-09-09 09:46,201.8396
2024-09-09 09:45,201.8210
2024-09-09 09:44,201.8061
2024-09-09 09:43,201.7838
2024-09-09 09:42,201.7639
2024-09-09 09:41,201.7452
2024-09-09 09:40,201.7219
2024-09-09 09:39,201.6880
2024-09-09 09:38,201.6647
2024-09-09 09:37,201.6385
2024-09-09 09:36,201.6034
2024-09-09 09:35,201.5740
2024-09-09 09:34,201.5515
2024-09-09 09:33,201.5328
2024-09-09 09:32,201.5113
2024-09-09 09:31,201.4861
2024-09-09 09:30,201.4691
2024-09-09 09:29,201.4428
2024-09-09 09:28,201.4428
2024-09-09 09:27,201.4419
2024-09-09 09:26,201.4234
2024-09-09 09:25,201.4234
2024-09-09 09:23,201.4168
2024-09-09 09:20,201.4054
2024-09-09 09:18,201.3938
2024-09-09 09:17,201.3731
2024-09-09 09:14,201.3631
2024-09-09 09:08,201.3504
2024-09-09 09:07,201.3454
2024-09-09 09:03,201.3404
2024-09-09 09:02,201.3256
2024-09-09 09:01,201.3133
2024-09-09 08:59,201.3009
2024-09-09 08:58,201.2953
2024-09-09 08:55,201.2678
2024-09-09 08:52,201.2403
2024-09-09 08:51,201.2201
2024-09-09 08:50,201.1933
2024-09-09 08:49,201.1676
2024-09-09 08:45,201.1404
2024-09-09 08:43,201.1164
2024-09-09 08:42,201.0904
2024-09-09 08:40,201.0758
2024-09-09 08:36,201.0488
2024-09-09 08:35,201.0244
2024-09-09 08:34,201.0118
2024-09-09 08:33,200.9848
2024-09-09 08:32,200.9543
2024-09-09 08:30,200.9413
2024-09-09 08:27,200.9279
2024-09-09 08:17,200.9119
2024-09-09 08:14,200.8857
2024-09-09 08:13,200.8680
2024-09-09 08:09,200.8378
2024-09-09 08:02,200.8140
2024-09-09 08:01,200.7958
2024-09-09 08:00,200.8222
2024-09-09 07:54,200.7983
2024-09-09 07:53,200.7728
2024-09-09 07:49,200.8037
2024-09-09 07:43,200.7763
2024-09-09 07:41,200.7697
2024-09-09 07:32,200.7558
2024-09-09 07:31,200.7228
2024-09-09 07:30,200.7251
2024-09-09 07:29,200.7136
2024-09-09 07:10,200.6823
2024-09-09 07:06,200.6548
2024-09-09 07:05,200.6361
2024-09-09 07:03,200.6173
2024-09-09 07:02,200.5988
2024-09-09 07:00,200.5804
2024-09-09 06:25,200.5419
2024-09-09 06:24,200.5024
2024-09-09 05:44,200.4771
2024-09-09 05:24,200.4491
2024-09-09 05:18,200.4134
2024-09-09 05:17,200.3903
2024-09-09 05:15,200.3696
2024-09-09 05:04,200.3511
2024-09-09 04:31,200.3306
2024-09-09 04:29,200.3254
2024-09-09 04:27,200.3211
2024-09-09 04:13,200.3198
2024-09-09 04:08,200.3014
2024-09-09 04:06,200.3054
2024-09-09 04:02,200.3054
2024-09-09 04:01,200.3054
2024-09-09 04:00,200.3011
2024-09-06 19:57,200.2968
2024-09-06 19:55,200.2991
2024-09-06 19:50,200.2993
2024-09-06 19:49,200.2994
2024-09-06 19:48,200.3001
2024-09-06 19:46,200.3163
2024-09-06 19:45,200.3334
2024-09-06 19:42,200.3458
2024-09-06 19:38,200.3618
2024-09-06 19:34,200.3778
2024-09-06 19:27,200.3910
2024-09-06 19:26,200.4040
2024-09-06 19:13,200.4170
2024-09-06 19:07,200.4177
2024-09-06 19:06,200.4298
2024-09-06 19:00,200.4422
2024-09-06 18:54,200.4482
2024-09-06 18:43,200.4648
2024-09-06 18:42,200.4856
2024-09-06 18:39,200.4910
2024-09-06 18:36,200.5022
2024-09-06 18:35,200.5143
2024-09-06 18:30,200.5290
2024-09-06 18:29,200.5363
2024-09-06 18:28,200.5582
2024-09-06 18:23,200.5783
2024-09-06 18:19,200.6028
2024-09-06 18:16,200.5727
2024-09-06 18:15,200.5962
2024-09-06 18:13,200.6218
2024-09-06 17:58,200.5893
2024-09-06 17:56,200.6124
2024-09-06 17:54,200.6166
2024-09-06 17:51,200.6220
2024-09-06 17:44,200.6433
2024-09-06 17:43,200.6293
2024-09-06 17:28,200.6298
2024-09-06 17:23,200.6507
2024-09-06 17:15,200.6724
2024-09-06 17:07,200.6749
2024-09-06 17:05,200.6766
2024-09-06 17:03,200.6892
2024-09-06 16:58,200.6889
2024-09-06 16:54,200.7092
2024-09-06 16:53,200.7304
2024-09-06 16:52,200.7470
2024-09-06 16:51,200.7624
2024-09-06 16:41,200.7792
2024-09-06 16:40,200.7966
2024-09-06 16:33,200.8107
2024-09-06 16:30,200.8241
2024-09-06 16:28,200.8447
2024-09-06 16:21,200.8466
2024-09-06 16:20,200.8477
2024-09-06 16:19,200.8486
2024-09-06 16:18,200.8670
2024-09-06 16:17,200.8651
2024-09-06 16:15,200.8641
2024-09-06 16:10,200.8637
2024-09-06 16:06,200.8634
2024-09-06 16:05,200.8636
2024-09-06 16:03,200.8622
2024-09-06 16:02,200.8595
2024-09-06 16:01,200.8563
2024-09-06 16:00,200.8537
2024-09-06 15:59,200.8498
2024-09-06 15:58,200.8431
2024-09-06 15:57,200.8382
2024-09-06 15:56,200.8326
2024-09-06 15:55,200.8274
2024-09-06 15:54,200.8244
2024-09-06 15:53,200.8151
2024-09-06 15:52,200.8044
2024-09-06 15:51,200.7926
2024-09-06 15:50,200.7812
2024-09-06 15:49,200.7695
2024-09-06 15:48,200.7534
2024-09-06 15:47,200.7377
2024-09-06 15:46,200.7221
2024-09-06 15:45,200.7063
2024-09-06 15:44,200.6909
2024-09-06 15:43,200.6797
2024-09-06 15:42,200.6644
2024-09-06 15:41,200.6476
2024-09-06 15:40,200.6336
2024-09-06 15:39,200.6216
2024-09-06 15:38,200.6051
2024-09-06 15:37,200.5854
2024-09-06 15:36,200.5688
2024-09-06 15:35,200.5499
2024-09-06 15:34,200.5316
2024-09-06 15:33,200.5166
2024-09-06 15:32,200.5006
2024-09-06 15:31,200.4859
2024-09-06 15:30,200.4739
2024-09-06 15:29,200.4622
2024-09-06 15:28,200.4524
2024-09-06 15:27,200.4424
2024-09-06 15:26,200.4325
2024-09-06 15:25,200.4239
2024-09-06 15:24,200.4153
2024-09-06 15:23,200.4062
2024-09-06 15:22,200.3981
2024-09-06 15:21,200.3901
2024-09-06 15:20,200.3817
2024-09-06 15:19,200.3755
2024-09-06 15:18,200.3675
2024-09-06 15:17,200.3590
2024-09-06 15:16,200.3505
2024-09-06 15:15,200.3445
2024-09-06 15:14,200.3358
2024-09-06 15:13,200.3319
2024-09-06 15:12,200.3290
2024-09-06 15:11,200.3271
2024-09-06 15:10,200.3263
2024-09-06 15:09,200.3232
2024-09-06 15:08,200.3155
2024-09-06 15:07,200.3055
2024-09-06 15:06,200.3004
2024-09-06 15:05,200.2936
2024-09-06 15:04,200.2841
2024-09-06 15:03,200.2774
2024-09-06 15:02,200.2716
2024-09-06 15:01,200.2662
2024-09-06 15:00,200.2602
2024-09-06 14:59,200.2588
2024-09-06 14:58,200.2584
2024-09-06 14:57,200.2595
2024-09-06 14:56,200.2618
2024-09-06 14:55,200.2640
2024-09-06 14:54,200.2662
2024-09-06 14:53,200.2695
2024-09-06 14:52,200.2719
2024-09-06 14:51,200.2757
2024-09-06 14:50,200.2789
2024-09-06 14:49,200.2806
2024-09-06 14:48,200.2814
2024-09-06 14:47,200.2835
2024-09-06 14:46,200.2871
2024-09-06 14:45,200.2897
2024-09-06 14:44,200.2923
2024-09-06 14:43,200.2912
2024-09-06 14:42,200.2919
2024-09-06 14:41,200.2928
2024-09-06 14:40,200.2948
2024-09-06 14:39,200.2973
2024-09-06 14:38,200.3003
2024-09-06 14:37,200.3069
2024-09-06 14:36,200.3147
2024-09-06 14:35,200.3241
2024-09-06 14:34,200.3308
2024-09-06 14:33,200.3423
2024-09-06 14:32,200.3503
2024-09-06 14:31,200.3566
2024-09-06 14:30,200.3643
2024-09-06 14:29,200.3696
2024-09-06 14:28,200.3740
2024-09-06 14:27,200.3817
2024-09-06 14:26,200.3890
2024-09-06 14:25,200.3942
2024-09-06 14:24,200.4025
2024-09-06 14:23,200.4128
2024-09-06 14:22,200.4218
2024-09-06 14:21,200.4279
2024-09-06 14:20,200.4288
2024-09-06 14:19,200.4277
2024-09-06 14:18,200.4286
2024-09-06 14:17,200.4281
2024-09-06 14:16,200.4275
2024-09-06 14:15,200.4241
2024-09-06 14:14,200.4266
2024-09-06 14:13,200.4253
2024-09-06 14:12,200.4231
2024-09-06 14:11,200.4186
2024-09-06 14:10,200.4146
2024-09-06 14:09,200.4106
2024-09-06 14:08,200.4090
2024-09-06 14:07,200.4066
2024-09-06 14:06,200.4025
2024-09-06 14:05,200.3995
2024-09-06 14:04,200.3974
2024-09-06 14:03,200.3935
2024-09-06 14:02,200.3886
2024-09-06 14:01,200.3816
2024-09-06 14:00,200.3743
2024-09-06 13:59,200.3645
2024-09-06 13:58,200.3555
2024-09-06 13:57,200.3424
2024-09-06 13:56,200.3282
2024-09-06 13:55,200.3148
2024-09-06 13:54,200.3032
2024-09-06 13:53,200.2932
2024-09-06 13:52,200.2846
2024-09-06 13:51,200.2755
2024-09-06 13:50,200.2658
2024-09-06 13:49,200.2585
2024-09-06 13:48,200.2509
2024-09-06 13:47,200.2446
2024-09-06 13:46,200.2379
2024-09-06 13:45,200.2301
2024-09-06 13:44,200.2228
2024-09-06 13:43,200.2193
2024-09-06 13:42,200.2138
2024-09-06 13:41,200.2059
2024-09-06 13:40,200.1946
2024-09-06 13:39,200.1807
2024-09-06 13:38,200.1656
2024-09-06 13:37,200.1540
2024-09-06 13:36,200.1413
2024-09-06 13:35,200.1284
2024-09-06 13:34,200.1203
2024-09-06 13:33,200.1087
2024-09-06 13:32,200.0993
2024-09-06 13:31,200.0885
2024-09-06 13:30,200.0777
2024-09-06 13:29,200.0698
2024-09-06 13:28,200.0589
2024-09-06 13:27,200.0453
2024-09-06 13:26,200.0390
2024-09-06 13:25,200.0346
2024-09-06 13:24,200.0287
2024-09-06 13:23,200.0192
2024-09-06 13:22,200.0097
2024-09-06 13:21,200.0039
2024-09-06 13:20,200.0017
2024-09-06 13:19,199.9997
2024-09-06 13:18,199.9990
2024-09-06 13:17,200.0007
2024-09-06 13:16,200.0032
2024-09-06 13:15,200.0056
2024-09-06 13:14,200.0052
2024-09-06 13:13,200.0060
2024-09-06 13:12,200.0100
2024-09-06 13:11,200.0164
2024-09-06 13:10,200.0204
2024-09-06 13:09,200.0260
2024-09-06 13:08,200.0326
2024-09-06 13:07,200.0407
2024-09-06 13:06,200.0521
2024-09-06 13:05,200.0632
2024-09-06 13:04,200.0752
2024-09-06 13:03,200.0877
2024-09-06 13:02,200.1031
2024-09-06 13:01,200.1218
2024-09-06 13:00,200.1387
2024-09-06 12:59,200.1532
2024-09-06 12:58,200.1685
2024-09-06 12:57,200.1839
2024-09-06 12:56,200.2017
2024-09-06 12:55,200.2172
2024-09-06 12:54,200.2303
2024-09-06 12:53,200.2442
2024-09-06 12:52,200.2581
2024-09-06 12:51,200.2727
2024-09-06 12:50,200.2867
2024-09-06 12:49,200.2998
2024-09-06 12:48,200.3183
2024-09-06 12:47,200.3325
2024-09-06 12:46,200.3445
2024-09-06 12:45,200.3566
2024-09-06 12:44,200.3680
2024-09-06 12:43,200.3815
2024-09-06 12:42,200.3966
2024-09-06 12:41,200.4120
2024-09-06 12:40,200.4309
2024-09-06 12:39,200.4512
2024-09-06 12:38,200.4740
2024-09-06 12:37,200.4910
2024-09-06 12:36,200.5151
2024-09-06 12:35,200.5385
2024-09-06 12:34,200.5593
2024-09-06 12:33,200.5798
2024-09-06 12:32,200.6013
2024-09-06 12:31,200.6234
2024-09-06 12:30,200.6368
2024-09-06 12:29,200.6511
2024-09-06 12:28,200.6652
2024-09-06 12:27,200.6774
2024-09-06 12:26,200.6809
2024-09-06 12:25,200.6846
2024-09-06 12:24,200.6903
2024-09-06 12:23,200.6963
2024-09-06 12:22,200.7043
2024-09-06 12:21,200.7098
2024-09-06 12:20,200.7142
2024-09-06 12:19,200.7156
2024-09-06 12:18,200.7164
2024-09-06 12:17,200.7139
2024-09-06 12:16,200.7093
2024-09-06 12:15,200.7072
2024-09-06 12:14,200.7053
2024-09-06 12:13,200.6991
2024-09-06 12:12,200.6953
2024-09-06 12:11,200.6888
2024-09-06 12:10,200.6837
2024-09-06 12:09,200.6800
2024-09-06 12:08,200.6760
2024-09-06 12:07,200.6788
2024-09-06 12:06,200.6852
2024-09-06 12:05,200.6938
2024-09-06 12:04,200.6984
2024-09-06 12:03,200.7061
2024-09-06 12:02,200.7161
2024-09-06 12:01,200.7281
2024-09-06 12:00,200.7493
2024-09-06 11:59,200.7682
2024-09-06 11:58,200.7687
2024-09-06 11:57,200.7727
2024-09-06 11:56,200.7738
2024-09-06 11:55,200.7760
2024-09-06 11:54,200.7813
2024-09-06 11:53,200.7859
2024-09-06 11:52,200.7925
2024-09-06 11:51,200.8039
2024-09-06 11:50,200.8148
2024-09-06 11:49,200.8293
2024-09-06 11:48,200.8408
2024-09-06 11:47,200.8529
2024-09-06 11:46,200.8679
2024-09-06 11:45,200.8857
2024-09-06 11:44,200.9012
2024-09-06 11:43,200.9102
2024-09-06 11:42,200.9220
2024-09-06 11:41,200.9355
2024-09-06 11:40,200.9531
2024-09-06 11:39,200.9679
2024-09-06 11:38,200.9837
2024-09-06 11:37,200.9991
2024-09-06 11:36,201.0051
2024-09-06 11:35,201.0142
2024-09-06 11:34,201.0230
2024-09-06 11:33,201.0320
2024-09-06 11:32,201.0430
2024-09-06 11:31,201.0565
2024-09-06 11:30,201.0763
2024-09-06 11:29,201.0951
2024-09-06 11:28,201.1169
2024-09-06 11:27,201.1390
2024-09-06 11:26,201.1655
2024-09-06 11:25,201.1904
2024-09-06 11:24,201.2148
2024-09-06 11:23,201.2430
2024-09-06 11:22,201.2700
2024-09-06 11:21,201.3010
2024-09-06 11:20,201.3338
2024-09-06 11:19,201.3711
2024-09-06 11:18,201.4091
2024-09-06 11:17,201.4487
2024-09-06 11:16,201.4893
2024-09-06 11:15,201.5313
2024-09-06 11:14,201.5733
2024-09-06 11:13,201.6194
2024-09-06 11:12,201.6579
2024-09-06 11:11,201.7020
2024-09-06 11:10,201.7475
2024-09-06 11:09,201.7924
2024-09-06 11:08,201.8365
2024-09-06 11:07,201.8743
2024-09-06 11:06,201.9028
2024-09-06 11:05,201.9290
2024-09-06 11:04,201.9638
2024-09-06 11:03,201.9958
2024-09-06 11:02,202.0241
2024-09-06 11:01,202.0471
2024-09-06 11:00,202.0657
2024-09-06 10:59,202.0876
2024-09-06 10:58,202.1283
2024-09-06 10:57,202.1625
2024-09-06 10:56,202.2000
2024-09-06 10:55,202.2394
2024-09-06 10:54,202.2780
2024-09-06 10:53,202.3153
2024-09-06 10:52,202.3537
2024-09-06 10:51,202.3914
2024-09-06 10:50,202.4299
2024-09-06 10:49,202.4637
2024-09-06 10:48,202.4974
2024-09-06 10:47,202.5385
2024-09-06 10:46,202.5784
2024-09-06 10:45,202.6100
2024-09-06 10:44,202.6450
2024-09-06 10:43,202.6817
2024-09-06 10:42,202.7150
2024-09-06 10:41,202.7457
2024-09-06 10:40,202.7737
2024-09-06 10:39,202.8075
2024-09-06 10:38,202.8387
2024-09-06 10:37,202.8729
2024-09-06 10:36,202.9071
2024-09-06 10:35,202.9411
2024-09-06 10:34,202.9722
2024-09-06 10:33,203.0030
2024-09-06 10:32,203.0207
2024-09-06 10:31,203.0326
2024-09-06 10:30,203.0522
2024-09-06 10:29,203.0720
2024-09-06 10:28,203.0752
2024-09-06 10:27,203.0886
2024-09-06 10:26,203.0923
2024-09-06 10:25,203.1046
2024-09-06 10:24,203.1054
2024-09-06 10:23,203.1046
2024-09-06 10:22,203.1091
2024-09-06 10:21,203.1052
2024-09-06 10:20,203.1028
2024-09-06 10:19,203.1049
2024-09-06 10:18,203.1003
2024-09-06 10:17,203.1001
2024-09-06 10:16,203.0949
2024-09-06 10:15,203.0893
2024-09-06 10:14,203.0816
2024-09-06 10:13,203.0726
2024-09-06 10:12,203.0641
2024-09-06 10:11,203.0497
2024-09-06 10:10,203.0154
2024-09-06 10:09,202.9991
2024-09-06 10:08,202.9836
2024-09-06 10:07,202.9682
2024-09-06 10:06,202.9487
2024-09-06 10:05,202.9336
2024-09-06 10:04,202.9245
2024-09-06 10:03,202.8996
2024-09-06 10:02,202.8587
2024-09-06 10:01,202.8402
2024-09-06 10:00,202.8120
2024-09-06 09:59,202.7832
2024-09-06 09:58,202.7527
2024-09-06 09:57,202.7360
2024-09-06 09:56,202.7282
2024-09-06 09:55,202.7071
2024-09-06 09:54,202.6750
2024-09-06 09:53,202.6439
2024-09-06 09:52,202.6160
2024-09-06 09:51,202.5815
2024-09-06 09:50,202.5481
2024-09-06 09:49,202.5160
2024-09-06 09:48,202.4773
2024-09-06 09:47,202.4403
2024-09-06 09:46,202.4030
2024-09-06 09:45,202.3773
2024-09-06 09:44,202.3486
2024-09-06 09:43,202.3100
2024-09-06 09:42,202.2721
2024-09-06 09:41,202.2383
2024-09-06 09:40,202.2006
2024-09-06 09:39,202.1626
2024-09-06 09:38,202.1246
2024-09-06 09:37,202.0838
2024-09-06 09:36,202.0418
2024-09-06 09:35,202.0021
2024-09-06 09:34,201.9606
2024-09-06 09:33,201.9177
2024-09-06 09:32,201.8901
2024-09-06 09:31,201.8618
2024-09-06 09:30,201.8261
2024-09-06 09:29,201.8058
2024-09-06 09:19,201.7848
2024-09-06 09:17,201.7553
2024-09-06 09:14,201.7340
2024-09-06 09:11,201.7020
2024-09-06 09:10,201.7038
2024-09-06 09:08,201.7122
2024-09-06 09:05,201.7148
2024-09-06 09:04,201.7172
2024-09-06 09:03,201.7250
2024-09-06 09:01,201.7263
2024-09-06 09:00,201.7342
2024-09-06 08:54,201.7299
2024-09-06 08:52,201.7381
2024-09-06 08:51,201.7384
2024-09-06 08:50,201.7406
2024-09-06 08:46,201.7407
2024-09-06 08:44,201.7447
2024-09-06 08:41,201.7506
2024-09-06 08:40,201.7721
2024-09-06 08:39,201.7781
2024-09-06 08:38,201.7846
2024-09-06 08:36,201.7906
2024-09-06 08:30,201.7964
2024-09-06 08:27,201.8097
2024-09-06 08:22,201.8017
2024-09-06 08:20,201.8204
2024-09-06 08:19,201.8552
2024-09-06 08:15,201.8584
2024-09-06 08:11,201.8766
2024-09-06 08:05,201.8959
2024-09-06 08:03,201.9191
2024-09-06 08:02,201.9217
2024-09-06 08:00,201.9219
2024-09-06 07:51,201.9367
2024-09-06 07:50,201.9501
2024-09-06 07:44,201.9701
2024-09-06 07:35,201.9856
2024-09-06 07:29,202.0062
2024-09-06 07:28,202.0329
2024-09-06 07:19,202.0511
2024-09-06 07:18,202.0659
2024-09-06 07:12,202.0736
2024-09-06 07:11,202.0962
2024-09-06 07:00,202.1069
2024-09-06 06:51,202.1107
2024-09-06 06:47,202.1421
2024-09-06 06:46,202.1651
2024-09-06 06:33,202.1934
2024-09-06 06:29,202.1869
2024-09-06 06:27,202.2084
2024-09-06 06:15,202.2212
2024-09-06 06:11,202.2436
2024-09-06 05:52,202.2691
2024-09-06 05:39,202.2906
2024-09-06 05:34,202.3169
2024-09-06 04:57,202.3431
2024-09-06 04:48,202.3647
2024-09-06 04:37,202.3859
2024-09-06 04:35,202.4061
2024-09-06 04:21,202.4097
2024-09-06 04:16,202.4300
2024-09-06 04:12,202.4506
2024-09-06 04:03,202.4706
2024-09-06 04:02,202.4911
2024-09-05 19:57,202.4882
2024-09-05 19:52,202.4804
2024-09-05 19:51,202.4747
2024-09-05 19:39,202.4719
2024-09-05 19:33,202.4626
2024-09-05 19:28,202.4554
2024-09-05 19:27,202.4489
2024-09-05 19:19,202.4501
2024-09-05 19:02,202.4432
2024-09-05 19:00,202.4417
2024-09-05 18:51,202.4393
2024-09-05 18:50,202.4381
2024-09-05 18:48,202.4387
2024-09-05 18:36,202.4420
2024-09-05 18:35,202.4495
2024-09-05 18:30,202.4560
2024-09-05 18:27,202.4615
2024-09-05 18:09,202.4692
2024-09-05 18:07,202.4828
2024-09-05 17:55,202.4835
2024-09-05 17:38,202.4937
2024-09-05 17:35,202.4920
2024-09-05 17:31,202.4905
2024-09-05 17:28,202.4987
2024-09-05 17:21,202.4982
2024-09-05 17:16,202.4979
2024-09-05 17:11,202.4942
2024-09-05 17:10,202.5020
2024-09-05 17:08,202.5011
2024-09-05 16:56,202.4967
2024-09-05 16:55,202.5035
2024-09-05 16:36,202.5043
2024-09-05 16:35,202.5027
2024-09-05 16:34,202.4997
2024-09-05 16:33,202.4901
2024-09-05 16:30,202.4882
2024-09-05 16:24,202.4947
2024-09-05 16:23,202.5033
2024-09-05 16:20,202.4978
2024-09-05 16:19,202.5000
2024-09-05 16:18,202.5108
2024-09-05 16:15,202.5051
2024-09-05 16:14,202.5085
2024-09-05 16:13,202.5034
2024-09-05 16:12,202.5344
2024-09-05 16:10,202.5376
2024-09-05 16:07,202.5508
2024-09-05 16:04,202.5556
2024-09-05 16:02,202.5601
2024-09-05 16:01,202.5654
2024-09-05 16:00,202.5702
2024-09-05 15:59,202.5752
2024-09-05 15:58,202.5819
2024-09-05 15:57,202.5929
2024-09-05 15:56,202.6066
2024-09-05 15:55,202.6211
2024-09-05 15:54,202.6355
2024-09-05 15:53,202.6503
2024-09-05 15:52,202.6661
2024-09-05 15:51,202.6834
2024-09-05 15:50,202.7012
2024-09-05 15:49,202.7174
2024-09-05 15:48,202.7307
2024-09-05 15:47,202.7467
2024-09-05 15:46,202.7633
2024-09-05 15:45,202.7767
2024-09-05 15:44,202.7891
2024-09-05 15:43,202.8007
2024-09-05 15:42,202.8113
2024-09-05 15:41,202.8215
2024-09-05 15:40,202.8321
2024-09-05 15:39,202.8436
2024-09-05 15:38,202.8526
2024-09-05 15:37,202.8583
2024-09-05 15:36,202.8644
2024-09-05 15:35,202.8679
2024-09-05 15:34,202.8701
2024-09-05 15:33,202.8692
2024-09-05 15:32,202.8694
2024-09-05 15:31,202.8726
2024-09-05 15:30,202.8756
2024-09-05 15:29,202.8786
2024-09-05 15:28,202.8806
2024-09-05 15:27,202.8849
2024-09-05 15:26,202.8897
2024-09-05 15:25,202.8942
2024-09-05 15:24,202.8994
2024-09-05 15:23,202.9044
2024-09-05 15:22,202.9107
2024-09-05 15:21,202.9187
2024-09-05 15:20,202.9263
2024-09-05 15:19,202.9331
2024-09-05 15:18,202.9416
2024-09-05 15:17,202.9479
2024-09-05 15:16,202.9557
2024-09-05 15:15,202.9625
2024-09-05 15:14,202.9679
2024-09-05 15:13,202.9714
2024-09-05 15:12,202.9759
2024-09-05 15:11,202.9791
2024-09-05 15:10,202.9817
2024-09-05 15:09,202.9859
2024-09-05 15:08,202.9890
2024-09-05 15:07,202.9947
2024-09-05 15:06,202.9994
2024-09-05 15:05,203.0024
2024-09-05 15:04,203.0049
2024-09-05 15:03,203.0063
2024-09-05 15:02,203.0081
2024-09-05 15:01,203.0076
2024-09-05 15:00,203.0091
2024-09-05 14:59,203.0096
2024-09-05 14:58,203.0098
2024-09-05 14:57,203.0096
2024-09-05 14:56,203.0081
2024-09-05 14:55,203.0051
2024-09-05 14:54,203.0018
2024-09-05 14:53,202.9948
2024-09-05 14:52,202.9889
2024-09-05 14:51,202.9856
2024-09-05 14:50,202.9790
2024-09-05 14:49,202.9720
2024-09-05 14:48,202.9673
2024-09-05 14:47,202.9641
2024-09-05 14:46,202.9601
2024-09-05 14:45,202.9578
2024-09-05 14:44,202.9530
2024-09-05 14:43,202.9493
2024-09-05 14:42,202.9453
2024-09-05 14:41,202.9398
2024-09-05 14:40,202.9338
2024-09-05 14:39,202.9268
2024-09-05 14:38,202.9166
2024-09-05 14:37,202.9085
2024-09-05 14:36,202.9003
2024-09-05 14:35,202.8926
2024-09-05 14:34,202.8853
2024-09-05 14:33,202.8784
2024-09-05 14:32,202.8699
2024-09-05 14:31,202.8574
2024-09-05 14:30,202.8481
2024-09-05 14:29,202.8392
2024-09-05 14:28,202.8314
2024-09-05 14:27,202.8239
2024-09-05 14:26,202.8185
2024-09-05 14:25,202.8112
2024-09-05 14:24,202.8035
2024-09-05 14:23,202.7972
2024-09-05 14:22,202.7892
2024-09-05 14:21,202.7797
2024-09-05 14:20,202.7702
2024-09-05 14:19,202.7612
2024-09-05 14:18,202.7527
2024-09-05 14:17,202.7441
2024-09-05 14:16,202.7339
2024-09-05 14:15,202.7254
2024-09-05 14:14,202.7195
2024-09-05 14:13,202.7135
2024-09-05 14:12,202.7075
2024-09-05 14:11,202.7012
2024-09-05 14:10,202.6950
2024-09-05 14:09,202.6843
2024-09-05 14:08,202.6733
2024-09-05 14:07,202.6623
2024-09-05 14:06,202.6508
2024-09-05 14:05,202.6386
2024-09-05 14:04,202.6262
2024-09-05 14:03,202.6136
2024-09-05 14:02,202.6011
2024-09-05 14:01,202.5914
2024-09-05 14:00,202.5797
2024-09-05 13:59,202.5671
2024-09-05 13:58,202.5528
2024-09-05 13:57,202.5399
2024-09-05 13:56,202.5282
2024-09-05 13:55,202.5162
2024-09-05 13:54,202.5029
2024-09-05 13:53,202.4917
2024-09-05 13:52,202.4797
2024-09-05 13:51,202.4653
2024-09-05 13:50,202.4518
2024-09-05 13:49,202.4395
2024-09-05 13:48,202.4245
2024-09-05 13:47,202.4079
2024-09-05 13:46,202.3913
2024-09-05 13:45,202.3732
2024-09-05 13:44,202.3578
2024-09-05 13:43,202.3435
2024-09-05 13:42,202.3307
2024-09-05 13:41,202.3190
2024-09-05 13:40,202.3053
2024-09-05 13:39,202.2928
2024-09-05 13:38,202.2824
2024-09-05 13:37,202.2720
2024-09-05 13:36,202.2609
2024-09-05 13:35,202.2507
2024-09-05 13:34,202.2430
2024-09-05 13:33,202.2368
2024-09-05 13:32,202.2315
2024-09-05 13:31,202.2260
2024-09-05 13:30,202.2200
2024-09-05 13:29,202.2156
2024-09-05 13:28,202.2087
2024-09-05 13:27,202.2008
2024-09-05 13:26,202.1895
2024-09-05 13:25,202.1812
2024-09-05 13:24,202.1721
2024-09-05 13:23,202.1608
2024-09-05 13:22,202.1503
2024-09-05 13:21,202.1377
2024-09-05 13:20,202.1239
2024-09-05 13:19,202.1099
2024-09-05 13:18,202.0942
2024-09-05 13:17,202.0784
2024-09-05 13:16,202.0622
2024-09-05 13:15,202.0437
2024-09-05 13:14,202.0255
2024-09-05 13:13,202.0096
2024-09-05 13:12,201.9946
2024-09-05 13:11,201.9809
2024-09-05 13:10,201.9671
2024-09-05 13:09,201.9579
2024-09-05 13:08,201.9502
2024-09-05 13:07,201.9419
2024-09-05 13:06,201.9369
2024-09-05 13:05,201.9298
2024-09-05 13:04,201.9220
2024-09-05 13:03,201.9155
2024-09-05 13:02,201.9106
2024-09-05 13:01,201.9037
2024-09-05 13:00,201.8985
2024-09-05 12:59,201.8899
2024-09-05 12:58,201.8822
2024-09-05 12:57,201.8716
2024-09-05 12:56,201.8598
2024-09-05 12:55,201.8496
2024-09-05 12:54,201.8378
2024-09-05 12:53,201.8254
2024-09-05 12:52,201.8122
2024-09-05 12:51,201.7996
2024-09-05 12:50,201.7871
2024-09-05 12:49,201.7724
2024-09-05 12:48,201.7592
2024-09-05 12:47,201.7456
2024-09-05 12:46,201.7322
2024-09-05 12:45,201.7190
2024-09-05 12:44,201.7029
2024-09-05 12:43,201.6879
2024-09-05 12:42,201.6747
2024-09-05 12:41,201.6619
2024-09-05 12:40,201.6521
2024-09-05 12:39,201.6416
2024-09-05 12:38,201.6338
2024-09-05 12:37,201.6257
2024-09-05 12:36,201.6190
2024-09-05 12:35,201.6118
2024-09-05 12:34,201.6004
2024-09-05 12:33,201.5888
2024-09-05 12:32,201.5772
2024-09-05 12:31,201.5683
2024-09-05 12:30,201.5595
2024-09-05 12:29,201.5490
2024-09-05 12:28,201.5400
2024-09-05 12:27,201.5322
2024-09-05 12:26,201.5250
2024-09-05 12:25,201.5145
2024-09-05 12:24,201.5033
2024-09-05 12:23,201.4947
2024-09-05 12:22,201.4880
2024-09-05 12:21,201.4843
2024-09-05 12:20,201.4803
2024-09-05 12:19,201.4771
2024-09-05 12:18,201.4733
2024-09-05 12:17,201.4707
2024-09-05 12:16,201.4717
2024-09-05 12:15,201.4749
2024-09-05 12:14,201.4734
2024-09-05 12:13,201.4715
2024-09-05 12:12,201.4714
2024-09-05 12:11,201.4735
2024-09-05 12:10,201.4779
2024-09-05 12:09,201.4826
2024-09-05 12:08,201.4883
2024-09-05 12:07,201.4931
2024-09-05 12:06,201.4970
2024-09-05 12:05,201.5061
2024-09-05 12:04,201.5133
2024-09-05 12:03,201.5185
2024-09-05 12:02,201.5220
2024-09-05 12:01,201.5258
2024-09-05 12:00,201.5234
2024-09-05 11:59,201.5330
2024-09-05 11:58,201.5420
2024-09-05 11:57,201.5545
2024-09-05 11:56,201.5679
2024-09-05 11:55,201.5820
2024-09-05 11:54,201.5975
2024-09-05 11:53,201.6155
2024-09-05 11:52,201.6349
2024-09-05 11:51,201.6536
2024-09-05 11:50,201.6725
2024-09-05 11:49,201.6927
2024-09-05 11:48,201.7155
2024-09-05 11:47,201.7417
2024-09-05 11:46,201.7675
2024-09-05 11:45,201.7933
2024-09-05 11:44,201.8227
2024-09-05 11:43,201.8533
2024-09-05 11:42,201.8855
2024-09-05 11:41,201.9190
2024-09-05 11:40,201.9480
2024-09-05 11:39,201.9780
2024-09-05 11:38,202.0060
2024-09-05 11:37,202.0349
2024-09-05 11:36,202.0593
2024-09-05 11:35,202.0847
2024-09-05 11:34,202.1142
2024-09-05 11:33,202.1462
2024-09-05 11:32,202.1789
2024-09-05 11:31,202.2116
2024-09-05 11:30,202.2452
2024-09-05 11:29,202.2805
2024-09-05 11:28,202.3162
2024-09-05 11:27,202.3482
2024-09-05 11:26,202.3818
2024-09-05 11:25,202.4169
2024-09-05 11:24,202.4522
2024-09-05 11:23,202.4852
2024-09-05 11:22,202.5169
2024-09-05 11:21,202.5477
2024-09-05 11:20,202.5802
2024-09-05 11:19,202.6124
2024-09-05 11:18,202.6453
2024-09-05 11:17,202.6787
2024-09-05 11:16,202.7070
2024-09-05 11:15,202.7357
2024-09-05 11:14,202.7671
2024-09-05 11:13,202.7937
2024-09-05 11:12,202.8189
2024-09-05 11:11,202.8413
2024-09-05 11:10,202.8670
2024-09-05 11:09,202.8919
2024-09-05 11:08,202.9141
2024-09-05 11:07,202.9369
2024-09-05 11:06,202.9591
2024-09-05 11:05,202.9807
2024-09-05 11:04,203.0061
2024-09-05 11:03,203.0314
2024-09-05 11:02,203.0560
2024-09-05 11:01,203.0827
2024-09-05 11:00,203.1122
2024-09-05 10:59,203.1325
2024-09-05 10:58,203.1492
2024-09-05 10:57,203.1625
2024-09-05 10:56,203.1763
2024-09-05 10:55,203.1917
2024-09-05 10:54,203.2056
2024-09-05 10:53,203.2219
2024-09-05 10:52,203.2389
2024-09-05 10:51,203.2549
2024-09-05 10:50,203.2707
2024-09-05 10:49,203.2887
2024-09-05 10:48,203.3032
2024-09-05 10:47,203.3171
2024-09-05 10:46,203.3316
2024-09-05 10:45,203.3470
2024-09-05 10:44,203.3632
2024-09-05 10:43,203.3764
2024-09-05 10:42,203.3843
2024-09-05 10:41,203.3869
2024-09-05 10:40,203.3897
2024-09-05 10:39,203.3922
2024-09-05 10:38,203.3935
2024-09-05 10:37,203.3958
2024-09-05 10:36,203.3998
2024-09-05 10:35,203.3984
2024-09-05 10:34,203.4051
2024-09-05 10:33,203.4083
2024-09-05 10:32,203.4202
2024-09-05 10:31,203.4447
2024-09-05 10:30,203.4831
2024-09-05 10:29,203.5102
2024-09-05 10:28,203.5144
2024-09-05 10:27,203.5179
2024-09-05 10:26,203.5257
2024-09-05 10:25,203.5348
2024-09-05 10:24,203.5395
2024-09-05 10:23,203.5447
2024-09-05 10:22,203.5522
2024-09-05 10:21,203.5610
2024-09-05 10:20,203.5712
2024-09-05 10:19,203.5757
2024-09-05 10:18,203.5871
2024-09-05 10:17,203.5928
2024-09-05 10:16,203.6008
2024-09-05 10:15,203.6071
2024-09-05 10:14,203.6100
2024-09-05 10:13,203.6214
2024-09-05 10:12,203.6269
2024-09-05 10:11,203.6324
2024-09-05 10:10,203.6322
2024-09-05 10:09,203.6349
2024-09-05 10:08,203.6352
2024-09-05 10:07,203.6349
2024-09-05 10:06,203.6360
2024-09-05 10:05,203.6337
2024-09-05 10:04,203.6305
2024-09-05 10:03,203.6360
2024-09-05 10:02,203.6351
2024-09-05 10:01,203.6417
2024-09-05 10:00,203.6506
2024-09-05 09:59,203.6523
2024-09-05 09:58,203.6576
2024-09-05 09:57,203.6648
2024-09-05 09:56,203.6712
2024-09-05 09:55,203.6776
2024-09-05 09:54,203.6905
2024-09-05 09:53,203.7001
2024-09-05 09:52,203.7075
2024-09-05 09:51,203.7151
2024-09-05 09:50,203.7171
2024-09-05 09:49,203.7171
2024-09-05 09:48,203.7195
2024-09-05 09:47,203.7260
2024-09-05 09:46,203.7275
2024-09-05 09:45,203.7357
2024-09-05 09:44,203.7407
2024-09-05 09:43,203.7449
2024-09-05 09:42,203.7468
2024-09-05 09:41,203.7550
2024-09-05 09:40,203.7660
2024-09-05 09:39,203.7762
2024-09-05 09:38,203.7870
2024-09-05 09:37,203.7952
2024-09-05 09:36,203.8029
2024-09-05 09:35,203.8152
2024-09-05 09:34,203.8185
2024-09-05 09:33,203.8250
2024-09-05 09:32,203.8239
2024-09-05 09:31,203.8159
2024-09-05 09:30,203.7930
2024-09-05 09:29,203.7801
2024-09-05 09:24,203.7901
2024-09-05 09:23,203.7966
2024-09-05 09:21,203.7977
2024-09-05 09:18,203.7992
2024-09-05 09:05,203.8059
2024-09-05 09:00,203.8142
2024-09-05 08:54,203.8199
2024-09-05 08:53,203.8242
2024-09-05 08:51,203.8279
2024-09-05 08:49,203.8362
2024-09-05 08:46,203.8401
2024-09-05 08:44,203.8459
2024-09-05 08:43,203.8584
2024-09-05 08:36,203.8676
2024-09-05 08:34,203.8698
2024-09-05 08:29,203.8682
2024-09-05 08:28,203.8782
2024-09-05 08:27,203.8875
2024-09-05 08:26,203.8953
2024-09-05 08:25,203.8992
2024-09-05 08:24,203.9100
2024-09-05 08:19,203.9178
2024-09-05 08:13,203.9162
2024-09-05 08:11,203.9243
2024-09-05 08:09,203.9285
2024-09-05 08:04,203.9257
2024-09-05 08:02,203.9332
2024-09-05 08:00,203.9330
2024-09-05 07:53,203.9395
2024-09-05 07:52,203.9513
2024-09-05 07:50,203.9615
2024-09-05 07:49,203.9740
2024-09-05 07:48,203.9865
2024-09-05 07:47,203.9932
2024-09-05 07:36,203.9967
2024-09-05 07:30,203.9998
2024-09-05 07:28,204.0013
2024-09-05 07:20,204.0085
2024-09-05 07:12,204.0217
2024-09-05 07:10,204.0348
2024-09-05 07:07,204.0462
2024-09-05 07:05,204.0515
2024-09-05 07:04,204.0585
2024-09-05 07:03,204.0587
2024-09-05 07:02,204.0635
2024-09-05 07:01,204.0653
2024-09-05 07:00,204.0698
2024-09-05 06:56,204.0767
2024-09-05 06:55,204.0837
2024-09-05 06:53,204.0905
2024-09-05 06:48,204.0977
2024-09-05 06:47,204.1037
2024-09-05 06:46,204.1100
2024-09-05 06:45,204.1168
2024-09-05 06:44,204.1215
2024-09-05 06:43,204.1235
2024-09-05 06:33,204.1273
2024-09-05 06:03,204.1213
2024-09-05 06:02,204.1165
2024-09-05 05:53,204.1138
2024-09-05 05:44,204.1092
2024-09-05 05:32,204.1060
2024-09-05 05:31,204.1067
2024-09-05 05:28,204.1034
2024-09-05 05:23,204.1076
2024-09-05 05:20,204.1061
2024-09-05 05:11,204.1069
2024-09-05 05:06,204.1094
2024-09-05 05:01,204.1078
2024-09-05 04:51,204.1084
2024-09-05 04:32,204.1101
2024-09-05 04:24,204.1123
2024-09-05 04:19,204.1102
2024-09-05 04:12,204.1107
2024-09-05 04:10,204.1271
2024-09-05 04:08,204.1362
2024-09-05 04:04,204.1422
2024-09-05 04:02,204.1429
2024-09-05 04:01,204.1476
2024-09-05 04:00,204.1480
2024-09-04 19:59,204.1446
2024-09-04 19:58,204.1530
2024-09-04 19:56,204.1613
2024-09-04 19:52,204.1538
2024-09-04 19:49,204.1570
2024-09-04 19:41,204.1683
2024-09-04 19:38,204.1701
2024-09-04 19:29,204.1690
2024-09-04 19:21,204.1607
2024-09-04 19:17,204.1563
2024-09-04 19:16,204.1555
2024-09-04 19:11,204.1523
2024-09-04 19:05,204.1492
2024-09-04 19:02,204.1492
2024-09-04 19:00,204.1490
2024-09-04 18:49,204.1472
2024-09-04 18:46,204.1488
2024-09-04 18:39,204.1492
2024-09-04 18:38,204.1478
2024-09-04 18:36,204.1458
2024-09-04 18:35,204.1437
2024-09-04 18:30,204.1375
2024-09-04 18:27,204.1333
2024-09-04 18:17,204.1290
2024-09-04 18:14,204.1226
2024-09-04 18:11,204.1171
2024-09-04 18:08,204.1118
2024-09-04 18:07,204.1008
2024-09-04 18:06,204.0899
2024-09-04 18:05,204.0801
2024-09-04 18:03,204.0691
2024-09-04 18:02,204.0589
2024-09-04 18:00,204.0481
2024-09-04 17:55,204.0357
2024-09-04 17:50,204.0256
2024-09-04 17:46,204.0158
2024-09-04 17:44,204.0030
2024-09-04 17:43,203.9945
2024-09-04 17:41,203.9821
2024-09-04 17:39,203.9657
2024-09-04 17:38,203.9514
2024-09-04 17:37,203.9421
2024-09-04 17:34,203.9283
2024-09-04 17:32,203.9192
2024-09-04 17:26,203.9054
2024-09-04 17:24,203.8954
2024-09-04 17:22,203.8835
2024-09-04 17:20,203.8690
2024-09-04 17:19,203.8600
2024-09-04 17:17,203.8488
2024-09-04 17:11,203.8328
2024-09-04 17:06,203.8195
2024-09-04 17:04,203.8024
2024-09-04 16:58,203.7887
2024-09-04 16:56,203.7696
2024-09-04 16:44,203.7539
2024-09-04 16:42,203.7325
2024-09-04 16:39,203.7163
2024-09-04 16:33,203.6979
2024-09-04 16:22,203.6849
2024-09-04 16:21,203.6707
2024-09-04 16:20,203.6479
2024-09-04 16:19,203.6339
2024-09-04 16:17,203.6270
2024-09-04 16:16,203.6128
2024-09-04 16:15,203.5904
2024-09-04 16:14,203.5741
2024-09-04 16:12,203.5593
2024-09-04 16:10,203.5456
2024-09-04 16:07,203.5315
2024-09-04 16:06,203.5153
2024-09-04 16:03,203.4993
2024-09-04 16:02,203.4828
2024-09-04 16:01,203.4680
2024-09-04 16:00,203.4552
2024-09-04 15:59,203.4430
2024-09-04 15:58,203.4300
2024-09-04 15:57,203.4139
2024-09-04 15:56,203.3984
2024-09-04 15:55,203.3852
2024-09-04 15:54,203.3720
2024-09-04 15:53,203.3630
2024-09-04 15:52,203.3536
2024-09-04 15:51,203.3436
2024-09-04 15:50,203.3331
2024-09-04 15:49,203.3264
2024-09-04 15:48,203.3209
2024-09-04 15:47,203.3161
2024-09-04 15:46,203.3104
2024-09-04 15:45,203.3038
2024-09-04 15:44,203.2971
2024-09-04 15:43,203.2898
2024-09-04 15:42,203.2834
2024-09-04 15:41,203.2781
2024-09-04 15:40,203.2728
2024-09-04 15:39,203.2673
2024-09-04 15:38,203.2616
2024-09-04 15:37,203.2571
2024-09-04 15:36,203.2546
2024-09-04 15:35,203.2547
2024-09-04 15:34,203.2551
2024-09-04 15:33,203.2566
2024-09-04 15:32,203.2597
2024-09-04 15:31,203.2624
2024-09-04 15:30,203.2621
2024-09-04 15:29,203.2632
2024-09-04 15:28,203.2628
2024-09-04 15:27,203.2630
2024-09-04 15:26,203.2625
2024-09-04 15:25,203.2621
2024-09-04 15:24,203.2631
2024-09-04 15:23,203.2621
2024-09-04 15:22,203.2624
2024-09-04 15:21,203.2617
2024-09-04 15:20,203.2600
2024-09-04 15:19,203.2604
2024-09-04 15:18,203.2609
2024-09-04 15:17,203.2632
2024-09-04 15:16,203.2664
2024-09-04 15:15,203.2690
2024-09-04 15:14,203.2720
2024-09-04 15:13,203.2740
2024-09-04 15:12,203.2739
2024-09-04 15:11,203.2743
2024-09-04 15:10,203.2754
2024-09-04 15:09,203.2761
2024-09-04 15:08,203.2774
2024-09-04 15:07,203.2784
2024-09-04 15:06,203.2785
2024-09-04 15:05,203.2792
2024-09-04 15:04,203.2812
2024-09-04 15:03,203.2818
2024-09-04 15:02,203.2810
2024-09-04 15:01,203.2785
2024-09-04 15:00,203.2748
2024-09-04 14:59,203.2730
2024-09-04 14:58,203.2705
2024-09-04 14:57,203.2672
2024-09-04 14:56,203.2648
2024-09-04 14:55,203.2611
2024-09-04 14:54,203.2570
2024-09-04 14:53,203.2524
2024-09-04 14:52,203.2480
2024-09-04 14:51,203.2449
2024-09-04 14:50,203.2424
2024-09-04 14:49,203.2393
2024-09-04 14:48,203.2363
2024-09-04 14:47,203.2330
2024-09-04 14:46,203.2316
2024-09-04 14:45,203.2298
2024-09-04 14:44,203.2275
2024-09-04 14:43,203.2252
2024-09-04 14:42,203.2220
2024-09-04 14:41,203.2188
2024-09-04 14:40,203.2171
2024-09-04 14:39,203.2146
2024-09-04 14:38,203.2112
2024-09-04 14:37,203.2068
2024-09-04 14:36,203.2044
2024-09-04 14:35,203.2017
2024-09-04 14:34,203.1997
2024-09-04 14:33,203.1959
2024-09-04 14:32,203.1909
2024-09-04 14:31,203.1856
2024-09-04 14:30,203.1796
2024-09-04 14:29,203.1729
2024-09-04 14:28,203.1664
2024-09-04 14:27,203.1600
2024-09-04 14:26,203.1537
2024-09-04 14:25,203.1494
2024-09-04 14:24,203.1451
2024-09-04 14:23,203.1433
2024-09-04 14:22,203.1433
2024-09-04 14:21,203.1438
2024-09-04 14:20,203.1456
2024-09-04 14:19,203.1486
2024-09-04 14:18,203.1492
2024-09-04 14:17,203.1482
2024-09-04 14:16,203.1467
2024-09-04 14:15,203.1440
2024-09-04 14:14,203.1441
2024-09-04 14:13,203.1450
2024-09-04 14:12,203.1469
2024-09-04 14:11,203.1503
2024-09-04 14:10,203.1528
2024-09-04 14:09,203.1548
2024-09-04 14:08,203.1565
2024-09-04 14:07,203.1565
2024-09-04 14:06,203.1554
2024-09-04 14:05,203.1558
2024-09-04 14:04,203.1553
2024-09-04 14:03,203.1554
2024-09-04 14:02,203.1580
2024-09-04 14:01,203.1628
2024-09-04 14:00,203.1685
2024-09-04 13:59,203.1725
2024-09-04 13:58,203.1767
2024-09-04 13:57,203.1811
2024-09-04 13:56,203.1863
2024-09-04 13:55,203.1925
2024-09-04 13:54,203.2005
2024-09-04 13:53,203.2074
2024-09-04 13:52,203.2176
2024-09-04 13:51,203.2264
2024-09-04 13:50,203.2334
2024-09-04 13:49,203.2399
2024-09-04 13:48,203.2462
2024-09-04 13:47,203.2534
2024-09-04 13:46,203.2560
2024-09-04 13:45,203.2598
2024-09-04 13:44,203.2669
2024-09-04 13:43,203.2794
2024-09-04 13:42,203.2928
2024-09-04 13:41,203.3054
2024-09-04 13:40,203.3191
2024-09-04 13:39,203.3339
2024-09-04 13:38,203.3524
2024-09-04 13:37,203.3675
2024-09-04 13:36,203.3795
2024-09-04 13:35,203.3912
2024-09-04 13:34,203.4008
2024-09-04 13:33,203.4108
2024-09-04 13:32,203.4196
2024-09-04 13:31,203.4270
2024-09-04 13:30,203.4357
2024-09-04 13:29,203.4405
2024-09-04 13:28,203.4477
2024-09-04 13:27,203.4559
2024-09-04 13:26,203.4618
2024-09-04 13:25,203.4651
2024-09-04 13:24,203.4686
2024-09-04 13:23,203.4695
2024-09-04 13:22,203.4708
2024-09-04 13:21,203.4714
2024-09-04 13:20,203.4713
2024-09-04 13:19,203.4695
2024-09-04 13:18,203.4711
2024-09-04 13:17,203.4721
2024-09-04 13:16,203.4711
2024-09-04 13:15,203.4683
2024-09-04 13:14,203.4646
2024-09-04 13:13,203.4626
2024-09-04 13:12,203.4623
2024-09-04 13:11,203.4607
2024-09-04 13:10,203.4597
2024-09-04 13:09,203.4587
2024-09-04 13:08,203.4563
2024-09-04 13:07,203.4567
2024-09-04 13:06,203.4575
2024-09-04 13:05,203.4568
2024-09-04 13:04,203.4550
2024-09-04 13:03,203.4563
2024-09-04 13:02,203.4549
2024-09-04 13:01,203.4530
2024-09-04 13:00,203.4501
2024-09-04 12:59,203.4474
2024-09-04 12:58,203.4443
2024-09-04 12:57,203.4399
2024-09-04 12:56,203.4350
2024-09-04 12:55,203.4287
2024-09-04 12:53,203.4219
2024-09-04 12:52,203.4171
2024-09-04 12:51,203.4119
2024-09-04 12:50,203.4084
2024-09-04 12:49,203.4085
2024-09-04 12:48,203.4050
2024-09-04 12:47,203.4006
2024-09-04 12:46,203.3970
2024-09-04 12:45,203.3980
2024-09-04 12:44,203.3991
2024-09-04 12:43,203.3966
2024-09-04 12:42,203.3881
2024-09-04 12:41,203.3818
2024-09-04 12:40,203.3746
2024-09-04 12:39,203.3621
2024-09-04 12:38,203.3499
2024-09-04 12:37,203.3374
2024-09-04 12:36,203.3285
2024-09-04 12:35,203.3205
2024-09-04 12:34,203.3114
2024-09-04 12:33,203.3046
2024-09-04 12:32,203.2976
2024-09-04 12:31,203.2896
2024-09-04 12:30,203.2836
2024-09-04 12:29,203.2766
2024-09-04 12:28,203.2758
2024-09-04 12:27,203.2756
2024-09-04 12:26,203.2746
2024-09-04 12:25,203.2754
2024-09-04 12:24,203.2763
2024-09-04 12:23,203.2779
2024-09-04 12:22,203.2821
2024-09-04 12:21,203.2836
2024-09-04 12:20,203.2860
2024-09-04 12:19,203.2888
2024-09-04 12:18,203.2931
2024-09-04 12:17,203.2959
2024-09-04 12:16,203.2984
2024-09-04 12:15,203.3001
2024-09-04 12:14,203.3013
2024-09-04 12:13,203.3032
2024-09-04 12:12,203.3036
2024-09-04 12:11,203.3039
2024-09-04 12:10,203.3054
2024-09-04 12:09,203.3076
2024-09-04 12:08,203.3068
2024-09-04 12:07,203.3094
2024-09-04 12:06,203.3126
2024-09-04 12:05,203.3166
2024-09-04 12:04,203.3221
2024-09-04 12:03,203.3284
2024-09-04 12:02,203.3322
2024-09-04 12:01,203.3378
2024-09-04 12:00,203.3409
2024-09-04 11:59,203.3409
2024-09-04 11:58,203.3426
2024-09-04 11:57,203.3430
2024-09-04 11:56,203.3456
2024-09-04 11:55,203.3475
2024-09-04 11:54,203.3506
2024-09-04 11:53,203.3508
2024-09-04 11:52,203.3493
2024-09-04 11:51,203.3468
2024-09-04 11:50,203.3435
2024-09-04 11:49,203.3367
2024-09-04 11:48,203.3334
2024-09-04 11:47,203.3284
2024-09-04 11:46,203.3221
2024-09-04 11:45,203.3169
2024-09-04 11:44,203.3106
2024-09-04 11:43,203.3036
2024-09-04 11:42,203.2981
2024-09-04 11:41,203.2903
2024-09-04 11:40,203.2830
2024-09-04 11:39,203.2824
2024-09-04 11:38,203.2776
2024-09-04 11:37,203.2706
2024-09-04 11:36,203.2614
2024-09-04 11:35,203.2522
2024-09-04 11:34,203.2427
2024-09-04 11:33,203.2323
2024-09-04 11:32,203.2228
2024-09-04 11:31,203.2132
2024-09-04 11:30,203.2064
2024-09-04 11:29,203.2031
2024-09-04 11:28,203.1989
2024-09-04 11:27,203.1894
2024-09-04 11:26,203.1782
2024-09-04 11:25,203.1679
2024-09-04 11:24,203.1567
2024-09-04 11:23,203.1432
2024-09-04 11:22,203.1280
2024-09-04 11:21,203.1165
2024-09-04 11:20,203.1018
2024-09-04 11:19,203.0857
2024-09-04 11:18,203.0672
2024-09-04 11:17,203.0462
2024-09-04 11:16,203.0265
2024-09-04 11:15,203.0179
2024-09-04 11:14,203.0121
2024-09-04 11:13,203.0039
2024-09-04 11:12,202.9948
2024-09-04 11:11,202.9855
2024-09-04 11:10,202.9745
2024-09-04 11:09,202.9648
2024-09-04 11:08,202.9598
2024-09-04 11:07,202.9523
2024-09-04 11:06,202.9410
2024-09-04 11:05,202.9267
2024-09-04 11:04,202.9116
2024-09-04 11:03,202.8936
2024-09-04 11:02,202.8773
2024-09-04 11:01,202.8648
2024-09-04 11:00,202.8446
2024-09-04 10:59,202.8226
2024-09-04 10:58,202.8051
2024-09-04 10:57,202.7889
2024-09-04 10:56,202.7733
2024-09-04 10:55,202.7548
2024-09-04 10:54,202.7333
2024-09-04 10:53,202.7154
2024-09-04 10:52,202.6983
2024-09-04 10:51,202.6781
2024-09-04 10:50,202.6567
2024-09-04 10:49,202.6347
2024-09-04 10:48,202.6182
2024-09-04 10:47,202.6033
2024-09-04 10:46,202.5833
2024-09-04 10:45,202.5617
2024-09-04 10:44,202.5369
2024-09-04 10:43,202.5139
2024-09-04 10:42,202.4931
2024-09-04 10:41,202.4743
2024-09-04 10:40,202.4609
2024-09-04 10:39,202.4451
2024-09-04 10:38,202.4289
2024-09-04 10:37,202.4133
2024-09-04 10:36,202.3976
2024-09-04 10:35,202.3799
2024-09-04 10:34,202.3580
2024-09-04 10:33,202.3405
2024-09-04 10:32,202.3138
2024-09-04 10:31,202.2925
2024-09-04 10:30,202.2545
2024-09-04 10:29,202.2191
2024-09-04 10:28,202.1846
2024-09-04 10:27,202.1517
2024-09-04 10:26,202.1207
2024-09-04 10:25,202.0880
2024-09-04 10:24,202.0502
2024-09-04 10:23,202.0144
2024-09-04 10:22,201.9801
2024-09-04 10:21,201.9426
2024-09-04 10:20,201.9122
2024-09-04 10:19,201.8819
2024-09-04 10:18,201.8577
2024-09-04 10:17,201.8369
2024-09-04 10:16,201.8077
2024-09-04 10:15,201.7746
2024-09-04 10:14,201.7371
2024-09-04 10:13,201.7048
2024-09-04 10:12,201.6748
2024-09-04 10:11,201.6436
2024-09-04 10:10,201.6111
2024-09-04 10:09,201.5768
2024-09-04 10:08,201.5410
2024-09-04 10:07,201.5018
2024-09-04 10:06,201.4730
2024-09-04 10:05,201.4391
2024-09-04 10:04,201.4048
2024-09-04 10:03,201.3770
2024-09-04 10:02,201.3436
2024-09-04 10:01,201.3108
2024-09-04 10:00,201.2826
2024-09-04 09:59,201.2576
2024-09-04 09:58,201.2275
2024-09-04 09:57,201.2023
2024-09-04 09:56,201.1772
2024-09-04 09:55,201.1498
2024-09-04 09:54,201.1242
2024-09-04 09:53,201.0973
2024-09-04 09:52,201.0833
2024-09-04 09:51,201.0718
2024-09-04 09:50,201.0489
2024-09-04 09:49,201.0269
2024-09-04 09:48,200.9987
2024-09-04 09:47,200.9769
2024-09-04 09:46,200.9595
2024-09-04 09:45,200.9370
2024-09-04 09:44,200.9218
2024-09-04 09:43,200.9069
2024-09-04 09:42,200.8898
2024-09-04 09:41,200.8712
2024-09-04 09:40,200.8480
2024-09-04 09:39,200.8243
2024-09-04 09:38,200.8047
2024-09-04 09:37,200.7816
2024-09-04 09:36,200.7586
2024-09-04 09:35,200.7380
2024-09-04 09:34,200.7225
2024-09-04 09:33,200.7030
2024-09-04 09:32,200.6952
2024-09-04 09:31,200.6841
2024-09-04 09:30,200.6834
2024-09-04 09:29,200.6772
2024-09-04 09:28,200.6681
2024-09-04 09:26,200.6654
2024-09-04 09:25,200.6637
2024-09-04 09:24,200.6581
2024-09-04 09:21,200.6597
2024-09-04 09:18,200.6614
2024-09-04 09:17,200.6694
2024-09-04 09:16,200.6627
2024-09-04 09:12,200.6596
2024-09-04 09:04,200.6579
2024-09-04 09:01,200.6499
2024-09-04 08:54,200.6499
2024-09-04 08:53,200.6574
2024-09-04 08:51,200.6599
2024-09-04 08:48,200.6572
2024-09-04 08:47,200.6606
2024-09-04 08:46,200.6632
2024-09-04 08:45,200.6682
2024-09-04 08:44,200.6749
2024-09-04 08:42,200.6809
2024-09-04 08:37,200.6859
2024-09-04 08:34,200.6971
2024-09-04 08:33,200.6977
2024-09-04 08:27,200.7091
2024-09-04 08:25,200.7171
2024-09-04 08:22,200.7249
2024-09-04 08:14,200.7334
2024-09-04 08:12,200.7409
2024-09-04 08:10,200.7530
2024-09-04 08:09,200.7620
2024-09-04 08:08,200.7748
2024-09-04 08:07,200.7826
2024-09-04 08:06,200.7881
2024-09-04 08:05,200.8008
2024-09-04 08:03,200.8130
2024-09-04 08:02,200.8216
2024-09-04 08:00,200.8208
2024-09-04 07:59,200.8200
2024-09-04 07:54,200.8318
2024-09-04 07:52,200.8448
2024-09-04 07:45,200.8580
2024-09-04 07:36,200.8615
2024-09-04 07:34,200.8701
2024-09-04 07:27,200.8789
2024-09-04 07:26,200.8882
2024-09-04 07:22,200.8984
2024-09-04 07:18,200.9040
2024-09-04 07:16,200.9134
2024-09-04 07:13,200.9232
2024-09-04 07:11,200.9322
2024-09-04 07:07,200.9409
2024-09-04 07:06,200.9599
2024-09-04 07:05,200.9822
2024-09-04 07:04,201.0024
2024-09-04 07:03,201.0162
2024-09-04 07:02,201.0251
2024-09-04 07:00,201.0359
2024-09-04 06:56,201.0472
2024-09-04 06:54,201.0609
2024-09-04 06:53,201.0702
2024-09-04 06:41,201.0934
2024-09-04 06:40,201.1021
2024-09-04 06:39,201.1054
2024-09-04 06:25,201.1177
2024-09-04 06:10,201.1384
2024-09-04 05:58,201.1451
2024-09-04 05:53,201.1451
2024-09-04 05:52,201.1517
2024-09-04 05:19,201.1631
2024-09-04 05:04,201.1739
2024-09-04 04:56,201.1866
2024-09-04 04:32,201.1912
2024-09-04 04:18,201.2061
2024-09-04 04:11,201.2116
2024-09-04 04:01,201.2219
2024-09-04 04:00,201.2259
2024-09-03 19:58,201.2399
2024-09-03 19:55,201.2421
2024-09-03 19:54,201.2536
2024-09-03 19:47,201.2559
2024-09-03 19:37,201.2597
2024-09-03 19:35,201.2611
2024-09-03 19:30,201.2651
2024-09-03 19:28,201.2607
2024-09-03 19:27,201.2651
2024-09-03 19:23,201.2666
2024-09-03 19:21,201.2694
2024-09-03 19:18,201.2657
2024-09-03 19:11,201.2645
2024-09-03 19:09,201.2629
2024-09-03 19:04,201.2564
2024-09-03 19:02,201.2484
2024-09-03 19:00,201.2408
2024-09-03 18:55,201.2341
2024-09-03 18:50,201.2236
2024-09-03 18:42,201.2173
2024-09-03 18:37,201.2048
2024-09-03 18:31,201.1899
2024-09-03 18:30,201.1751
2024-09-03 17:59,201.1620
2024-09-03 17:50,201.1505
2024-09-03 17:47,201.1437
2024-09-03 17:46,201.1307
2024-09-03 17:43,201.1194
2024-09-03 17:37,201.1060
2024-09-03 17:32,201.0950
2024-09-03 17:27,201.0884
2024-09-03 17:25,201.0789
2024-09-03 17:23,201.0710
2024-09-03 17:20,201.0632
2024-09-03 17:18,201.0629
2024-09-03 17:14,201.0560
2024-09-03 17:12,201.0485
2024-09-03 17:10,201.0431
2024-09-03 17:08,201.0442
2024-09-03 17:04,201.0487
2024-09-03 16:56,201.0482
2024-09-03 16:53,201.0486
2024-09-03 16:46,201.0482
2024-09-03 16:45,201.0506
2024-09-03 16:40,201.0396
2024-09-03 16:39,201.0387
2024-09-03 16:37,201.0402
2024-09-03 16:34,201.0384
2024-09-03 16:32,201.0239
2024-09-03 16:29,201.0229
2024-09-03 16:28,201.0226
2024-09-03 16:25,201.0307
2024-09-03 16:23,201.0254
2024-09-03 16:22,201.0202
2024-09-03 16:20,201.0142
2024-09-03 16:17,201.0087
2024-09-03 16:15,200.9940
2024-09-03 16:14,200.9874
2024-09-03 16:13,200.9859
2024-09-03 16:12,200.9787
2024-09-03 16:10,200.9612
2024-09-03 16:09,200.9529
2024-09-03 16:06,200.9357
2024-09-03 16:05,200.9282
2024-09-03 16:03,200.9205
2024-09-03 16:02,200.9134
2024-09-03 16:01,200.9049
2024-09-03 16:00,200.9020
2024-09-03 15:59,200.8949
2024-09-03 15:58,200.8869
2024-09-03 15:57,200.8804
2024-09-03 15:56,200.8780
2024-09-03 15:55,200.8712
2024-09-03 15:54,200.8700
2024-09-03 15:53,200.8708
2024-09-03 15:52,200.8740
2024-09-03 15:51,200.8779
2024-09-03 15:50,200.8793
2024-09-03 15:49,200.8848
2024-09-03 15:48,200.8908
2024-09-03 15:47,200.8995
2024-09-03 15:46,200.9113
2024-09-03 15:45,200.9240
2024-09-03 15:44,200.9332
2024-09-03 15:43,200.9399
2024-09-03 15:42,200.9488
2024-09-03 15:41,200.9600
2024-09-03 15:40,200.9727
2024-09-03 15:39,200.9849
2024-09-03 15:38,200.9939
2024-09-03 15:37,201.0033
2024-09-03 15:36,201.0113
2024-09-03 15:35,201.0173
2024-09-03 15:34,201.0247
2024-09-03 15:33,201.0253
2024-09-03 15:32,201.0248
2024-09-03 15:31,201.0222
2024-09-03 15:30,201.0191
2024-09-03 15:29,201.0170
2024-09-03 15:28,201.0152
2024-09-03 15:27,201.0126
2024-09-03 15:26,201.0119
2024-09-03 15:25,201.0119
2024-09-03 15:24,201.0134
2024-09-03 15:23,201.0139
2024-09-03 15:22,201.0145
2024-09-03 15:21,201.0178
2024-09-03 15:20,201.0192
2024-09-03 15:19,201.0247
2024-09-03 15:18,201.0298
2024-09-03 15:17,201.0342
2024-09-03 15:16,201.0382
2024-09-03 15:15,201.0429
2024-09-03 15:14,201.0484
2024-09-03 15:13,201.0536
2024-09-03 15:12,201.0579
2024-09-03 15:11,201.0638
2024-09-03 15:10,201.0722
2024-09-03 15:09,201.0810
2024-09-03 15:08,201.0902
2024-09-03 15:07,201.1006
2024-09-03 15:06,201.1110
2024-09-03 15:05,201.1198
2024-09-03 15:04,201.1273
2024-09-03 15:03,201.1343
2024-09-03 15:02,201.1415
2024-09-03 15:01,201.1514
2024-09-03 15:00,201.1633
2024-09-03 14:59,201.1766
2024-09-03 14:58,201.1921
2024-09-03 14:57,201.2086
2024-09-03 14:56,201.2248
2024-09-03 14:55,201.2432
2024-09-03 14:54,201.2615
2024-09-03 14:53,201.2767
2024-09-03 14:52,201.2913
2024-09-03 14:51,201.3070
2024-09-03 14:50,201.3222
2024-09-03 14:49,201.3364
2024-09-03 14:48,201.3502
2024-09-03 14:47,201.3641
2024-09-03 14:46,201.3774
2024-09-03 14:45,201.3924
2024-09-03 14:44,201.4081
2024-09-03 14:43,201.4218
2024-09-03 14:42,201.4330
2024-09-03 14:41,201.4456
2024-09-03 14:40,201.4599
2024-09-03 14:39,201.4736
2024-09-03 14:38,201.4902
2024-09-03 14:37,201.5073
2024-09-03 14:36,201.5228
2024-09-03 14:35,201.5368
2024-09-03 14:34,201.5496
2024-09-03 14:33,201.5619
2024-09-03 14:32,201.5769
2024-09-03 14:31,201.5962
2024-09-03 14:30,201.6196
2024-09-03 14:29,201.6412
2024-09-03 14:28,201.6648
2024-09-03 14:27,201.6900
2024-09-03 14:26,201.7126
2024-09-03 14:25,201.7346
2024-09-03 14:24,201.7598
2024-09-03 14:23,201.7876
2024-09-03 14:22,201.8121
2024-09-03 14:21,201.8356
2024-09-03 14:20,201.8591
2024-09-03 14:19,201.8781
2024-09-03 14:18,201.8971
2024-09-03 14:17,201.9158
2024-09-03 14:16,201.9344
2024-09-03 14:15,201.9534
2024-09-03 14:14,201.9727
2024-09-03 14:13,201.9919
2024-09-03 14:12,202.0108
2024-09-03 14:11,202.0299
2024-09-03 14:10,202.0494
2024-09-03 14:09,202.0693
2024-09-03 14:08,202.0904
2024-09-03 14:07,202.1104
2024-09-03 14:06,202.1301
2024-09-03 14:05,202.1510
2024-09-03 14:04,202.1719
2024-09-03 14:03,202.1927
2024-09-03 14:02,202.2118
2024-09-03 14:01,202.2297
2024-09-03 14:00,202.2465
2024-09-03 13:59,202.2586
2024-09-03 13:58,202.2689
2024-09-03 13:57,202.2804
2024-09-03 13:56,202.2910
2024-09-03 13:55,202.3008
2024-09-03 13:54,202.3088
2024-09-03 13:53,202.3196
2024-09-03 13:52,202.3306
2024-09-03 13:51,202.3412
2024-09-03 13:50,202.3518
2024-09-03 13:49,202.3637
2024-09-03 13:48,202.3748
2024-09-03 13:47,202.3862
2024-09-03 13:46,202.3982
2024-09-03 13:45,202.4062
2024-09-03 13:44,202.4142
2024-09-03 13:43,202.4238
2024-09-03 13:42,202.4322
2024-09-03 13:41,202.4393
2024-09-03 13:40,202.4461
2024-09-03 13:39,202.4526
2024-09-03 13:38,202.4578
2024-09-03 13:37,202.4626
2024-09-03 13:36,202.4673
2024-09-03 13:35,202.4735
2024-09-03 13:34,202.4789
2024-09-03 13:33,202.4858
2024-09-03 13:32,202.4905
2024-09-03 13:31,202.4885
2024-09-03 13:30,202.4828
2024-09-03 13:29,202.4772
2024-09-03 13:28,202.4708
2024-09-03 13:27,202.4637
2024-09-03 13:26,202.4568
2024-09-03 13:25,202.4502
2024-09-03 13:24,202.4412
2024-09-03 13:23,202.4304
2024-09-03 13:22,202.4224
2024-09-03 13:21,202.4157
2024-09-03 13:20,202.4080
2024-09-03 13:19,202.4038
2024-09-03 13:18,202.3965
2024-09-03 13:17,202.3902
2024-09-03 13:16,202.3860
2024-09-03 13:15,202.3806
2024-09-03 13:14,202.3725
2024-09-03 13:13,202.3657
2024-09-03 13:12,202.3584
2024-09-03 13:11,202.3497
2024-09-03 13:10,202.3396
2024-09-03 13:09,202.3277
2024-09-03 13:08,202.3160
2024-09-03 13:07,202.3045
2024-09-03 13:06,202.2947
2024-09-03 13:05,202.2875
2024-09-03 13:04,202.2838
2024-09-03 13:03,202.2803
2024-09-03 13:02,202.2781
2024-09-03 13:01,202.2761
2024-09-03 13:00,202.2734
2024-09-03 12:59,202.2722
2024-09-03 12:58,202.2716
2024-09-03 12:57,202.2688
2024-09-03 12:56,202.2667
2024-09-03 12:55,202.2642
2024-09-03 12:54,202.2627
2024-09-03 12:53,202.2598
2024-09-03 12:52,202.2536
2024-09-03 12:51,202.2443
2024-09-03 12:50,202.2356
2024-09-03 12:49,202.2259
2024-09-03 12:48,202.2180
2024-09-03 12:47,202.2121
2024-09-03 12:46,202.2055
2024-09-03 12:45,202.1988
2024-09-03 12:44,202.1947
2024-09-03 12:43,202.1892
2024-09-03 12:42,202.1860
2024-09-03 12:41,202.1827
2024-09-03 12:40,202.1800
2024-09-03 12:39,202.1814
2024-09-03 12:38,202.1816
2024-09-03 12:37,202.1826
2024-09-03 12:36,202.1894
2024-09-03 12:35,202.1983
2024-09-03 12:34,202.2093
2024-09-03 12:33,202.2203
2024-09-03 12:32,202.2311
2024-09-03 12:31,202.2443
2024-09-03 12:30,202.2588
2024-09-03 12:29,202.2771
2024-09-03 12:28,202.2908
2024-09-03 12:27,202.3030
2024-09-03 12:26,202.3157
2024-09-03 12:25,202.3293
2024-09-03 12:24,202.3418
2024-09-03 12:23,202.3555
2024-09-03 12:22,202.3661
2024-09-03 12:21,202.3749
2024-09-03 12:20,202.3848
2024-09-03 12:19,202.3923
2024-09-03 12:18,202.4034
2024-09-03 12:17,202.4155
2024-09-03 12:16,202.4249
2024-09-03 12:15,202.4333
2024-09-03 12:14,202.4446
2024-09-03 12:13,202.4547
2024-09-03 12:12,202.4668
2024-09-03 12:11,202.4774
2024-09-03 12:10,202.4850
2024-09-03 12:09,202.4961
2024-09-03 12:08,202.5097
2024-09-03 12:07,202.5233
2024-09-03 12:06,202.5353
2024-09-03 12:05,202.5441
2024-09-03 12:04,202.5487
2024-09-03 12:03,202.5584
2024-09-03 12:02,202.5664
2024-09-03 12:01,202.5721
2024-09-03 12:00,202.5779
2024-09-03 11:59,202.5813
2024-09-03 11:58,202.5859
2024-09-03 11:57,202.5895
2024-09-03 11:56,202.5939
2024-09-03 11:55,202.5974
2024-09-03 11:54,202.5984
2024-09-03 11:53,202.6011
2024-09-03 11:52,202.6078
2024-09-03 11:51,202.6181
2024-09-03 11:50,202.6273
2024-09-03 11:49,202.6365
2024-09-03 11:48,202.6441
2024-09-03 11:47,202.6476
2024-09-03 11:46,202.6519
2024-09-03 11:45,202.6599
2024-09-03 11:44,202.6668
2024-09-03 11:43,202.6751
2024-09-03 11:42,202.6859
2024-09-03 11:41,202.6981
2024-09-03 11:40,202.7060
2024-09-03 11:39,202.7083
2024-09-03 11:38,202.7063
2024-09-03 11:37,202.7017
2024-09-03 11:36,202.6939
2024-09-03 11:35,202.6816
2024-09-03 11:34,202.6663
2024-09-03 11:33,202.6519
2024-09-03 11:32,202.6416
2024-09-03 11:31,202.6339
2024-09-03 11:30,202.6257
2024-09-03 11:29,202.6148
2024-09-03 11:28,202.6121
2024-09-03 11:27,202.6059
2024-09-03 11:26,202.6016
2024-09-03 11:25,202.5974
2024-09-03 11:24,202.5970
2024-09-03 11:23,202.5905
2024-09-03 11:22,202.5902
2024-09-03 11:21,202.5942
2024-09-03 11:20,202.5997
2024-09-03 11:19,202.6044
2024-09-03 11:18,202.6136
2024-09-03 11:17,202.6189
2024-09-03 11:16,202.6247
2024-09-03 11:15,202.6316
2024-09-03 11:14,202.6392
2024-09-03 11:13,202.6469
2024-09-03 11:12,202.6589
2024-09-03 11:11,202.6749
2024-09-03 11:10,202.6956
2024-09-03 11:09,202.7164
2024-09-03 11:08,202.7311
2024-09-03 11:07,202.7498
2024-09-03 11:06,202.7687
2024-09-03 11:05,202.7884
2024-09-03 11:04,202.8099
2024-09-03 11:03,202.8289
2024-09-03 11:02,202.8483
2024-09-03 11:01,202.8751
2024-09-03 11:00,202.9043
2024-09-03 10:59,202.9390
2024-09-03 10:58,202.9710
2024-09-03 10:57,203.0054
2024-09-03 10:56,203.0382
2024-09-03 10:55,203.0674
2024-09-03 10:54,203.0982
2024-09-03 10:53,203.1274
2024-09-03 10:52,203.1550
2024-09-03 10:51,203.1790
2024-09-03 10:50,203.1980
2024-09-03 10:49,203.2164
2024-09-03 10:48,203.2374
2024-09-03 10:47,203.2630
2024-09-03 10:46,203.2854
2024-09-03 10:45,203.3129
2024-09-03 10:44,203.3372
2024-09-03 10:43,203.3675
2024-09-03 10:42,203.3965
2024-09-03 10:41,203.4225
2024-09-03 10:40,203.4486
2024-09-03 10:39,203.4767
2024-09-03 10:38,203.5070
2024-09-03 10:37,203.5411
2024-09-03 10:36,203.5709
2024-09-03 10:35,203.6001
2024-09-03 10:34,203.6330
2024-09-03 10:33,203.6552
2024-09-03 10:32,203.6647
2024-09-03 10:31,203.6592
2024-09-03 10:30,203.6453
2024-09-03 10:29,203.6319
2024-09-03 10:28,203.6153
2024-09-03 10:27,203.5959
2024-09-03 10:26,203.5776
2024-09-03 10:25,203.5548
2024-09-03 10:24,203.5283
2024-09-03 10:23,203.5040
2024-09-03 10:22,203.4760
2024-09-03 10:21,203.4438
2024-09-03 10:20,203.4087
2024-09-03 10:19,203.3717
2024-09-03 10:18,203.3344
2024-09-03 10:17,203.3009
2024-09-03 10:16,203.2707
2024-09-03 10:15,203.2377
2024-09-03 10:14,203.2033
2024-09-03 10:13,203.1642
2024-09-03 10:12,203.1200
2024-09-03 10:11,203.0803
2024-09-03 10:10,203.0362
2024-09-03 10:09,202.9888
2024-09-03 10:08,202.9485
2024-09-03 10:07,202.9015
2024-09-03 10:06,202.8540
2024-09-03 10:05,202.8063
2024-09-03 10:04,202.7627
2024-09-03 10:03,202.7170
2024-09-03 10:02,202.6722
2024-09-03 10:01,202.6225
2024-09-03 10:00,202.5705
2024-09-03 09:59,202.5142
2024-09-03 09:58,202.4585
2024-09-03 09:57,202.3985
2024-09-03 09:56,202.3409
2024-09-03 09:55,202.2914
2024-09-03 09:54,202.2434
2024-09-03 09:53,202.1952
2024-09-03 09:52,202.1475
2024-09-03 09:51,202.1001
2024-09-03 09:50,202.0553
2024-09-03 09:49,202.0123
2024-09-03 09:48,201.9664
2024-09-03 09:47,201.9243
2024-09-03 09:46,201.8799
2024-09-03 09:45,201.8315
2024-09-03 09:44,201.7849
2024-09-03 09:43,201.7367
2024-09-03 09:42,201.6859
2024-09-03 09:41,201.6364
2024-09-03 09:40,201.6010
2024-09-03 09:39,201.5524
2024-09-03 09:38,201.5045
2024-09-03 09:37,201.4560
2024-09-03 09:36,201.4110
2024-09-03 09:35,201.3687
2024-09-03 09:34,201.3251
2024-09-03 09:33,201.2871
2024-09-03 09:32,201.2614
2024-09-03 09:31,201.2418
2024-09-03 09:30,201.2300
2024-09-03 09:29,201.2172
2024-09-03 09:28,201.2038
2024-09-03 09:27,201.2042
2024-09-03 09:26,201.2000
2024-09-03 09:24,201.2055
2024-09-03 09:23,201.2185
2024-09-03 09:22,201.2320
2024-09-03 09:21,201.2457
2024-09-03 09:20,201.2600
2024-09-03 09:19,201.2769
2024-09-03 09:17,201.2985
2024-09-03 09:16,201.3183
2024-09-03 09:15,201.3380
2024-09-03 09:13,201.3542
2024-09-03 09:12,201.3725
2024-09-03 09:10,201.3897
2024-09-03 09:08,201.4118
2024-09-03 09:06,201.4345
2024-09-03 09:03,201.4518
2024-09-03 09:02,201.4718
2024-09-03 08:59,201.4930
2024-09-03 08:58,201.5105
2024-09-03 08:57,201.5312
2024-09-03 08:56,201.5518
2024-09-03 08:55,201.5710
2024-09-03 08:54,201.5837
2024-09-03 08:53,201.5977
2024-09-03 08:52,201.6130
2024-09-03 08:51,201.6273
2024-09-03 08:49,201.6424
2024-09-03 08:47,201.6585
2024-09-03 08:44,201.6719
2024-09-03 08:43,201.6889
2024-09-03 08:42,201.7067
2024-09-03 08:41,201.7184
2024-09-03 08:40,201.7315
2024-09-03 08:39,201.7428
2024-09-03 08:38,201.7563
2024-09-03 08:36,201.7737
2024-09-03 08:35,201.7983
2024-09-03 08:34,201.8232
2024-09-03 08:33,201.8450
2024-09-03 08:32,201.8603
2024-09-03 08:31,201.8795
2024-09-03 08:29,201.8955
2024-09-03 08:28,201.9130
2024-09-03 08:27,201.9258
2024-09-03 08:26,201.9392
2024-09-03 08:23,201.9535
2024-09-03 08:22,201.9572
2024-09-03 08:19,201.9797
2024-09-03 08:17,202.0035
2024-09-03 08:16,202.0252
2024-09-03 08:15,202.0483
2024-09-03 08:14,202.0635
2024-09-03 08:10,202.0778
2024-09-03 08:09,202.0947
2024-09-03 08:07,202.1083
2024-09-03 08:06,202.1308
2024-09-03 08:05,202.1517
2024-09-03 08:04,202.1725
2024-09-03 08:02,202.1965
2024-09-03 08:01,202.2137
2024-09-03 08:00,202.2405
2024-09-03 07:59,202.2505
2024-09-03 07:55,202.2555
2024-09-03 07:50,202.2613
2024-09-03 07:49,202.2667
2024-09-03 07:47,202.2673
2024-09-03 07:44,202.2690
2024-09-03 07:43,202.2702
2024-09-03 07:40,202.2670
